00010100
00010011
00010011
00010011
00010100
00010110
00011000
00011011
00011101
00100001
00100100
00101001
00101110
00110101
00111101
01000101
01001100
01010010
01010111
01011010
01011011
01011011
01011011
01011011
01011100
01011110
01100001
01100101
01101001
01101110
01110010
01110101
01110111
01111000
01111001
01111000
01110111
01110110
01110100
01110100
01110100
01110101
01110111
01111010
01111110
10000010
10000101
10000111
10001000
10001000
10001000
10000111
10000111
10000110
10000110
10000101
10000100
10000011
10000001
01111111
01111110
01111100
01111100
01111011
01111011
01111100
01111101
01111110
10000000
10000010
10000101
10000111
10001001
10001011
10001100
10001111
10010010
10010110
10011011
10100001
10100110
10101011
10101111
10110010
10110100
10110101
10110110
10110110
10110110
10110111
10110111
10111000
10111001
10111010
10111100
10111111
11000010
11000110
11001010
11001110
11010001
11010101
11010111
11011001
11011010
11011010
11011010
11011011
11011011
11011100
11011110
11100000
11100010
11100101
11101000
11101011
11101110
11110001
11110010
11110100
11110100
11110100
11110011
11110010
11110001
11110000
11101110
11101101
11101100
11101011
11101011
11101011
11101100
11101100
11101101
11101110
11101101
11101101
11101011
11101010
11101001
11101000
11101000
11100110
11100101
11100010
11011110
11011010
11010101
11010001
11001101
11001010
11001000
11000110
11000100
11000011
11000001
10111111
10111101
10111011
10111010
10111000
10110110
10110100
10110001
10101110
10101011
10101000
10100110
10100100
10100100
10100100
10100101
10100111
10101000
10101010
10101011
10101011
10101100
10101100
10101011
10101011
10101001
10101000
10100110
10100011
10100000
10011101
10011011
10011000
10010111
10010110
10010110
10010110
10011000
10011011
10011110
10100011
10101000
10101101
10110001
10110101
10111001
10111101
11000000
11000100
11001000
11001100
11010001
11010101
11011010
11011110
11100011
11100111
11101010
11101101
11101111
11110000
11101111
11101101
11101010
11100110
11100010
11011110
11011010
11010110
11010011
11010000
11001100
11001001
11000101
11000010
10111110
10111011
10111000
10110101
10110011
10110001
10101111
10101101
10101011
10101001
10101000
10100110
10100101
10100100
10100011
10100011
10100010
10100001
10011111
10011101
10011011
10011000
10010100
10001111
10001010
10000101
01111111
01111000
01110010
01101011
01100110
01100000
01011100
01011001
01010111
01010111
01010111
01011000
01011001
01011011
01011100
01011110
01100000
01100011
01100110
01101010
01101101
01110001
01110101
01111000
01111011
01111100
01111101
01111101
01111100
01111100
01111011
01111011
01111011
01111010
01111011
01111011
01111100
01111101
01111110
01111111
01111111
01111110
01111011
01110110
01110000
01101000
01100001
01011001
01010010
01001100
01001000
01000101
01000011
01000011
01000101
01000111
01001011
01001111
01010100
01011010
01011111
01100100
01101000
01101011
01101100
01101101
01101100
01101011
01101010
01101001
01101001
01101001
01101010
01101100
01101111
01110011
01110111
01111100
10000000
10000011
10000110
10000111
10000111
10000101
10000010
01111101
01111000
01110010
01101101
01101000
01100101
01100011
01100100
01100111
01101011
01110000
01110110
01111100
10000001
10000111
10001100
10010001
10010110
10011001
10011100
10011110
10100000
10100000
10100000
10100000
10100000
10100000
10100001
10100010
10100011
10100100
10100101
10100111
10101001
10101011
10101101
10101111
10110001
10110010
10110010
10110001
10101111
10101101
10101001
10100110
10100010
10011111
10011100
10011011
10011010
10011011
10011101
10100000
10100100
10101001
10101110
10110011
10111000
10111100
10111111
11000001
11000001
11000001
11000000
10111101
10111010
10110111
10110011
10101110
10101010
10100110
10100011
10100001
10100000
10100000
10100000
10100001
10100010
10100010
10100010
10100001
10011111
10011011
10010110
10010000
10001001
10000001
01111001
01110011
01101110
01101011
01101011
01101100
01101111
01110010
01110110
01111010
01111101
10000001
10000100
10000111
10001001
10001010
10001011
10001100
10001100
10001100
10001101
10001110
10001111
10010000
10010000
10010001
10010001
10010001
10010011
10010101
10011001
10011110
10100100
10101001
10101110
10110001
10110100
10110101
10110110
10110110
10110110
10110101
10110011
10110000
10101101
10101010
10100111
10100100
10100010
10100000
10011111
10011110
10011101
10011100
10011010
10011001
10010111
10010101
10010011
10010001
10001110
10001011
10001000
10000100
01111111
01111100
01111001
01110111
01110110
01110111
01110111
01111000
01111000
01110111
01110110
01110100
01110010
01110001
01110000
01101111
01101110
01101110
01101101
01101101
01101101
01101110
01101111
01110001
01110011
01110100
01110101
01110110
01110111
01111000
01111001
01111011
01111101
10000000
10000011
10000101
10001000
10001011
10001101
10010000
10010010
10010100
10010110
10010111
10011001
10011010
10011011
10011100
10011110
10100000
10100001
10100010
10100011
10100011
10100011
10100010
10100001
10011111
10011110
10011011
10010111
10010011
10001101
10000111
10000000
01111010
01110101
01110001
01101111
01101101
01101100
01101011
01101010
01101001
01101001
01101001
01101011
01101101
01101111
01110010
01110101
01110110
01111000
01111001
01111010
01111100
01111110
10000001
10000100
10000111
10001001
10001011
10001110
10010000
10010100
10011000
10011100
10100001
10100101
10101010
10101110
10110001
10110100
10110111
10111010
10111101
11000000
11000010
11000100
11000101
11000110
11000110
11000110
11000101
11000100
11000011
11000001
10111111
10111110
10111100
10111010
10111000
10110101
10110010
10101110
10101010
10100101
10011111
10011010
10010110
10010010
10001111
10001101
10001100
10001010
10001000
10000101
10000010
01111111
01111101
01111011
01111010
01111010
01111010
01111010
01111011
01111011
01111011
01111100
01111110
10000010
10000111
10001101
10010011
10011010
10100000
10100110
10101011
10110001
10110110
10111010
10111101
11000000
11000010
11000100
11000101
11000111
11001001
11001011
11001110
11010001
11010011
11010100
11010101
11010101
11010100
11010011
11010011
11010011
11010100
11010101
11011000
11011100
11100000
11100101
11101001
11101101
11110001
11110011
11110011
11110010
11110001
11101111
11101110
11101110
11101110
11101111
11110001
11110100
11110111
11111001
11111011
11111101
11111110
11111110
11111111
11111111
11111111
11111111
11111111
11111110
11111101
11111100
11111011
11111010
11111001
11111000
11110110
11110100
11110010
11110000
11101101
11101010
11100111
11100011
11011110
11011000
11010001
11001001
11000000
10111000
10110000
10101011
10100111
10100110
10100111
10101001
10101101
10110001
10110100
10110111
10111000
10111000
10110111
10110101
10110010
10110000
10101101
10101011
10101001
10100111
10100110
10100101
10100100
10100101
10100110
10101000
10101010
10101101
10110000
10110010
10110100
10110101
10110110
10110110
10110110
10110110
10110111
10110111
10111000
10111001
10111010
10111011
10111010
10111010
10111000
10110110
10110011
10110000
10101011
10100110
10100000
10011001
10010001
10001001
10000000
01111000
01110001
01101001
01100010
01011011
01010100
01001101
01000101
00111110
00110111
00110000
00101001
00100010
00011100
00010110
00010000
00001011
00000110
00000011
00000001
00000000
