00000011
00000010
00000010
00000100
00000111
00001011
00010010
00011011
00100101
00110001
00111100
01000110
01010000
01011000
01011110
01100011
01100111
01101011
01101101
01110000
01110011
01110111
01111100
10000011
10001010
10010010
10011011
10100110
10110001
10111101
11000111
11010000
11010101
11010111
11010111
11010011
11001110
11001000
11000010
10111101
10111000
10110101
10110100
10110100
10110101
10110111
10111001
10111011
10111100
10111100
10111011
10111000
10110011
10101100
10100100
10011001
10001111
10000101
01111100
01110101
01110000
01101110
01101110
01110001
01110110
01111101
10000110
10010000
10011100
10100111
10110010
10111010
10111111
11000001
11000000
10111101
10111000
10110010
10101110
10101011
10101010
10101100
10110000
10110110
10111100
11000011
11001010
11010010
11011010
11100001
11101001
11101111
11110100
11110110
11110101
11110010
11101101
11100111
11100000
11011010
11010101
11010001
11010000
11010000
11010011
11011000
11011111
11101000
11110001
11111000
11111101
11111111
11111101
11110110
11101100
11100000
11010011
11000110
10111011
10110001
10101010
10100101
10100011
10100100
10101000
10101111
10110110
10111101
11000011
11000111
11001000
11000111
11000010
10111011
10110001
10100110
10011010
10001110
10000011
01111010
01110011
01110000
01110000
01110001
01110100
01111000
01111011
01111101
01111111
01111111
01111110
01111011
01110111
01110010
01101011
01100011
01011100
01010101
01010000
01001110
01010000
01010100
01011010
01100010
01101010
01110001
01110111
01111011
01111101
01111101
01111011
01111001
01110101
01110001
01101110
01101010
01101000
01100110
01100110
01100111
01101000
01101010
01101100
01101111
01110011
01111000
10000000
10001001
10010011
10011101
10100111
10101110
10110011
10110110
10110101
10110010
10101100
10100110
10100000
10011011
10010111
10010110
10010111
10011001
10011011
10011100
10011011
10011001
10010110
10010010
10001110
10001010
10000111
10000100
10000000
01111101
01111010
01110111
01110100
01110010
01110000
01110000
01110000
01110000
01110001
01110001
01110001
01110000
01101111
01101100
01101001
01100101
01011111
01011001
01010010
01001011
01000101
01000001
00111111
00111111
01000001
01000010
01000100
01000100
01000100
01000010
01000000
00111101
00111010
00110110
00110011
00110000
00101110
00101110
00101111
00110011
00111001
01000000
01001001
01010010
01011011
01100100
01101101
01110110
01111101
10000011
10000111
10001010
10001100
10001110
10010000
10010011
10010101
10011000
10011001
10011001
10010111
10010101
10010010
10010000
10001111
10001111
10001111
10010000
10010001
10010001
10001111
10001101
10001010
10000110
10000011
10000001
01111111
01111110
01111110
01111110
01111110
01111111
10000000
10000001
10000011
10000101
10000110
10000111
10000110
10000101
10000011
10000011
10000011
10000100
10000110
10001001
10001011
10001100
10001110
10001111
10010001
10010010
10010100
10010110
10011000
10011001
10011010
10011100
10011101
10011101
10011101
10011100
10011010
10010111
10010101
10010100
10010011
10010100
10010101
10010110
10011000
10011011
10011110
10100001
10100101
10101001
10101110
10110011
10111000
10111100
11000000
11000010
11000100
11000101
11000110
11001000
11001011
11001110
11010001
11010100
11010101
11010101
11010011
11010000
11001100
11000111
11000010
10111110
10111011
10111000
10110111
10110111
10111000
10111010
10111101
11000000
11000010
11000100
11000101
11000101
11000100
11000010
11000001
10111111
10111111
10111111
10111111
11000000
11000001
11000000
10111111
10111101
10111001
10110101
10110000
10101011
10100110
10100001
10011010
10010011
10001010
10000010
01111010
01110011
01101110
01101010
01101001
01101001
01101011
01101101
01110000
01110010
01110100
01110110
01111000
01111011
01111111
10000011
10001001
10010000
10010111
10011101
10100010
10100101
10100110
10100101
10100010
10011110
10011001
10010101
10010000
10001101
10001010
10001000
10000110
10000101
10000101
10000100
10000100
10000101
10000110
10000110
10000110
10000110
10000101
10000011
10000010
10000010
10000010
10000011
10000100
10000101
10000111
10001000
10001010
10001100
10001111
10010010
10010100
10010110
10010110
10010100
10010000
10001001
10000001
01111000
01110000
01101000
01100001
01011010
01010011
01001100
01000110
01000001
00111100
00111001
00110111
00110101
00110100
00110100
00110100
00110100
00110101
00110111
00111001
00111100
00111111
01000010
01000110
01001001
01001101
01010000
01010011
01010101
01011000
01011011
01011110
01100001
01100101
01101000
01101011
01101101
01101110
01101110
01101101
01101100
01101100
01101011
01101011
01101100
01101101
01101110
01101110
01101111
01110000
01110001
01110011
01110101
01110111
01111010
01111101
10000000
10000011
10000110
10001000
10001010
10001011
10001011
10001010
10000111
10000010
01111101
01110111
01110001
01101101
01101010
01101010
01101100
01110000
01110110
01111100
10000011
10001000
10001100
10001111
10010001
10010001
10010000
10001110
10001100
10001001
10000110
10000100
10000010
10000010
10000011
10000101
10001001
10001111
10010101
10011011
10100000
10100011
10100100
10100010
10100000
10011101
10011010
10011001
10011010
10011011
10011101
10011111
10100010
10100101
10101000
10101011
10101111
10110001
10110010
10110010
10110000
10101100
10101000
10100100
10100000
10011110
10011101
10011101
10011111
10100001
10100011
10100101
10100110
10100110
10100101
10100100
10100010
10011111
10011100
10011000
10010101
10010010
10010000
10001111
10001111
10001111
10010000
10010010
10010011
10010100
10010101
10010101
10010101
10010110
10011000
10011011
10100000
10100101
10101100
10110010
10111001
10111111
11000100
11001000
11001100
11001111
11010010
11010110
11011011
11100000
11100100
11101000
11101100
11101110
11110000
11110010
11110100
11110110
11110111
11110110
11110011
11101111
11101010
11100100
11011110
11011001
11010100
11010000
11001110
11001100
11001100
11001100
11001101
11001110
11001110
11001110
11001110
11001100
11001001
11000101
10111111
10111000
10110001
10101011
10100111
10100100
10100100
10100111
10101011
10110000
10110101
10111001
10111011
10111010
10110111
10110011
10101101
10100110
10100000
10011001
10010011
10001101
10000111
10000000
01111011
01110111
01110101
01110101
01111000
01111100
10000001
10000101
10001000
10001001
10001000
10000110
10000100
10000000
01111101
01111000
01110011
01101110
01101001
01100101
01100011
01100011
01100100
01100111
01101010
01101101
01110000
01110010
01110011
01110010
01110000
01101101
01101001
01100100
01011111
01011010
01010110
01010011
01010000
01010000
01010001
01010100
01011000
01011101
01100011
01101001
01101111
01110011
01110110
01110111
01110111
01110011
01101110
01100110
01011101
01010100
01001010
01000001
00111001
00110010
00101100
00101001
00100111
00100111
00101000
00101001
00101010
00101001
00100110
00100001
00011011
00010100
00001110
00001000
00000011
00000000
