11111111
11111001
11110001
11100101
11011000
11001010
10111011
10101101
10100000
10010110
10001101
10001000
10000100
10000001
01111110
01111011
01110101
01101101
01100100
01011010
01001111
01000100
00111001
00101111
00100110
00011110
00011001
00010111
00011000
00011011
00011110
00100001
00100011
00100010
00100000
00011100
00010111
00010010
00001100
00000111
00000011
00000001
00000000
00000001
00000100
00001000
00001111
00010111
00100000
00101001
00110011
00111011
01000010
01000111
01001010
01001100
01001011
01000111
01000010
00111100
00110110
00110001
00101110
00101101
00101110
00110000
00110011
00110101
00110110
00110110
00110100
00110010
00101111
00101110
00101110
00110001
00111000
01000001
01001011
01010111
01100011
01101111
01111000
01111110
10000010
10000001
01111110
01111000
01110000
01100111
01011101
01010101
01001101
01001000
01000101
01000011
01000001
01000001
01000001
01000010
01000100
01001001
01010000
01011001
01100100
01110000
01111010
10000011
10001001
10001100
10001110
10001111
10010000
10010000
10010001
10010010
10010100
10010110
10011000
10011001
10011000
10010110
10010010
10001100
10000110
01111110
01111000
01110011
01101111
01101101
01101101
01101110
01101111
01110000
01110001
01110000
01101110
01101001
01100011
01011100
01010101
01001111
01001011
01001000
01000111
01000101
01000011
00111111
00111010
00110100
00101110
00101001
00100110
00100011
00100001
00100000
00011110
00011100
00011001
00010110
00010010
00001111
00001101
00001101
00001111
00010100
00011100
00100101
00101111
00111001
01000001
01000111
01001010
01001011
01001010
01000110
01000010
00111101
00110111
00110010
00101111
00101101
00101101
00101110
00110000
00110011
00110100
00110101
00110101
00110100
00110010
00110010
00110011
00110111
00111101
01000110
01001111
01010111
01011111
01100011
01100101
01100100
01100000
01011011
01010101
01001111
01001010
01000110
01000011
01000001
00111111
00111111
00111111
01000000
01000010
01000101
01001001
01001110
01010100
01011001
01011101
01100010
01100111
01101101
01110101
01111110
10000111
10010000
10011001
10011111
10100100
10101000
10101011
10101101
10101110
10101110
10101101
10101011
10100111
10100011
10011111
10011011
10011000
10010110
10010100
10010010
10010000
10001111
10001110
10010000
10010011
10010111
10011100
10100010
10101000
10101111
10110111
10111110
11000011
11000101
11000100
10111111
10111001
10110100
10101111
10101100
10101100
10101101
10110000
10110100
10111000
10111100
10111111
11000100
11001000
11001101
11010000
11010011
11010101
11010101
11010101
11010101
11010111
11011011
11100000
11100111
11101101
11110011
11111000
11111011
11111011
11111001
11110101
11101111
11101000
11100000
11011001
11010011
11001110
11001100
11001100
11001101
11010001
11010101
11011011
11100001
11100110
11101010
11101100
11101101
11101011
11101001
11100101
11100000
11011011
11010111
11010010
11001110
11001011
11001000
11000111
11000110
11000101
11000101
11000101
11000101
11000100
11000100
11000100
11000011
11000010
11000001
10111110
10111100
10111001
10110110
10110100
10110010
10110000
10110000
10110000
10110001
10110010
10110010
10110000
10101110
10101010
10100101
10100001
10011101
10011010
10011000
10011000
10011000
10011010
10011101
10100001
10100110
10101010
10101110
10110001
10110010
10110011
10110100
10110100
10110101
10110111
10111001
10111011
10111110
11000000
11000010
11000010
11000000
10111110
10111100
10111001
10110110
10110011
10101111
10101010
10100110
10100010
10011111
10011110
10100000
10100011
10101001
10110001
10111011
11000110
11010000
11011010
11100011
11101001
