11110001
11101101
11100101
11011010
11001101
10111101
10101101
10011101
10001110
10000010
01110111
01101101
01100110
01100000
01011011
01010101
01001111
01001000
01000000
00110111
00101100
00100001
00010101
00001011
00000011
00000000
00000001
00000110
00001100
00010011
00010111
00011001
00011001
00010110
00010001
00001101
00001001
00000110
00000101
00000110
00001001
00001110
00010101
00011100
00100100
00101101
00110110
00111111
01000110
01001100
01010000
01010100
01010111
01011001
01011001
01011010
01011010
01011100
01011110
01100010
01100111
01101100
01110001
01110101
01110111
01111000
01110110
01110011
01101111
01101100
01101011
01101101
01110010
01111011
10000101
10010000
10011011
10100101
10101101
10110001
10110001
10101100
10100100
10011001
10001100
01111111
01110010
01101000
01100001
01011100
01011000
01010100
01010000
01001100
01001001
01001000
01001001
01001110
01010101
01011110
01100110
01101101
01110010
01110111
01111010
01111101
10000000
10000010
10000100
10000111
10001001
10001100
10001101
10001110
10001100
10001001
10000100
01111110
01111000
01110010
01101100
01101000
01100101
01100011
01100000
01011110
01011100
01011001
01010101
01010000
01001000
01000000
00110111
00110000
00101010
00100111
00100101
00100101
00100100
00100010
00100000
00011101
00011100
00011011
00011100
00011110
00100000
00100001
00100001
00100000
00011101
00011001
00010101
00010011
00010010
00010011
00010111
00011101
00100100
00101100
00110011
00111000
00111010
00111011
00111001
00110110
00110010
00101101
00101001
00100110
00100100
00100100
00100110
00101001
00101101
00110001
00110100
00110110
00110110
00110101
00110100
00110101
00110110
00111010
01000000
01000110
01001100
01010000
01010010
01010001
01001110
01001010
01000101
01000000
00111011
00111000
00110110
00110100
00110100
00110011
00110010
00110001
00110010
00110100
00111000
00111100
01000001
01000110
01001010
01001110
01010010
01010111
01011110
01100101
01101101
01110100
01111001
01111101
10000000
10000010
10000100
10000101
10000110
10000101
10000100
10000001
01111110
01111011
01111001
01110111
01110110
01110101
01110101
01110100
01110101
01110110
01111001
01111101
10000010
10000110
10001011
10010000
10010101
10011010
10011101
10011100
10011001
10010100
10001110
10001001
10000110
10000111
10001010
10001111
10010100
10011010
10100000
10100101
10101010
10101111
10110100
10110111
10111001
10111001
10111001
10111000
10111000
10111001
10111100
10111111
11000011
11000110
11001001
11001010
11001001
11000110
11000001
10111011
10110011
10101100
10100110
10100001
10011111
10011111
10100001
10100111
10101111
10111000
11000001
11001001
11001111
11010011
11010100
11010011
11001111
11001011
11000101
11000000
10111011
10110111
10110011
10110001
10101111
10101110
10101110
10101110
10101101
10101101
10101100
10101100
10101011
10101010
10101001
10101000
10100110
10100100
10100001
10011101
10011010
10010110
10010010
10001111
10001100
10001010
10001000
10000110
10000011
10000000
01111100
01111001
01110111
01110101
01110011
01110010
01110011
01110100
01110111
01111100
10000010
10001000
10001111
10010101
10011001
10011101
10100000
10100011
10100110
10101001
10101101
10110000
10110010
10110011
10110011
10110001
10101110
10101100
10101001
10100111
10100100
10100000
10011100
10011010
10011001
10011010
10011111
10100110
10110001
10111110
11001101
11011011
11101001
11110011
11111011
11111111
