11110111
11111001
11111010
11111000
11110101
11110001
11101101
11101000
11100011
11011110
11011011
11011000
11010101
11010010
11001111
11001011
11001000
11000100
11000001
10111101
10111001
10110101
10110010
10110001
10110010
10110101
10110111
10111000
10110111
10110011
10101101
10100111
10100000
10011010
10010110
10010011
10010010
10010001
10010001
10010010
10010001
10001110
10001011
10000111
10000110
10000111
10001010
10001110
10010011
10010111
10011010
10011110
10100010
10100101
10101000
10101001
10101001
10101001
10101011
10101111
10110100
10111010
10111111
11000010
11000011
11000000
10111001
10101110
10011111
10001111
01111111
01110001
01100111
01100000
01011101
01011100
01011110
01100010
01100110
01101001
01101011
01101100
01101100
01101011
01101000
01100101
01100010
01011111
01011100
01011000
01010010
01001011
01000011
00111011
00110011
00101101
00101001
00100110
00100110
00101000
00101011
00101110
00110010
00110101
00111000
00111001
00111010
00111000
00110110
00110010
00101101
00100111
00100000
00011011
00010111
00010111
00010111
00011001
00011001
00011000
00010111
00010110
00010111
00011000
00011000
00010110
00010001
00001011
00000110
00000001
00000000
00000010
00001000
00010000
00011010
00100101
00110000
00111011
01000101
01001101
01010100
01011011
01100000
01100101
01101010
01101100
01101100
01101010
01100111
01100011
01100000
01011111
01100000
01100010
01100110
01101011
01110000
01110101
01111000
01111011
01111101
01111110
10000001
10000101
10001010
10001111
10010101
10011100
10100011
10101001
10101110
10110001
10110001
10110000
10101101
10101100
10101101
10110001
10111001
11000010
11001011
11010010
11010111
11011001
11011011
11011101
11011110
11100000
11100001
11100010
11100100
11100110
11101001
11101101
11110001
11110101
11111001
11111101
11111111
