11111011
11110111
11110001
11101001
11100001
11011001
11010010
11001110
11001110
11010000
11010010
11010011
11010001
11001101
11000111
11000000
10111001
10110100
10101111
10101100
10101011
10101100
10101101
10101111
10110000
10110001
10110001
10110001
10110000
10101100
10100111
10011110
10010011
10001000
01111110
01110101
01101100
01100101
01011111
01011100
01011100
01011101
01100001
01100110
01101100
01110011
01111100
10000110
10010001
10011011
10100010
10100111
10101001
10100111
10100100
10011101
10010100
10001010
10000000
01110111
01110001
01101101
01101010
01100111
01100011
01011111
01011011
01011000
01010110
01010101
01010100
01010010
01001110
01001000
01000000
00110111
00101110
00100101
00011101
00010111
00010100
00010011
00010100
00010110
00011001
00011100
00011110
00011110
00011100
00010111
00010000
00001001
00000011
00000000
00000001
00000101
00001101
00010110
00100000
00101001
00110001
00110101
00110110
00110101
00110010
00110000
00101111
00101110
00101101
00101011
00101000
00100100
00100000
00011011
00011000
00010100
00010010
00010000
00010001
00010110
00011110
00101000
00110011
00111101
01000100
01001010
01001111
01010011
01010110
01011001
01011011
01011101
01100000
01100100
01101001
01101111
01110101
01111011
10000000
10000101
10001010
10001111
10010101
10011010
10100000
10100110
10101100
10110000
10110010
10110001
10101111
10101100
10101010
10101001
10101010
10101100
10101111
10110010
10110100
10110110
10110110
10110110
10110110
10110110
10110110
10111001
10111011
10111111
11000010
11000100
11000110
11001000
11001001
11001001
11001001
11001001
11001010
11001100
11010010
11011010
11100100
11101110
11110111
11111101
11111111
