00000000
00000010
00000110
00001100
00010100
00011100
00100010
00100111
00101011
00101111
00110101
00111010
00111100
00111011
00111000
00110101
00110101
00110111
00111101
01000101
01001111
01011000
01100010
01101011
01110011
01111100
10000011
10001001
10001110
10010000
10010001
10010010
10010100
10010111
10011100
10100010
10101001
10110011
11000000
11001111
11100001
11110000
11111011
11111111
11111110
11111001
11110100
11101110
11101010
11100111
11100110
11100110
11100111
11101010
11101101
11110000
11110011
11110101
11110100
11110000
11101001
11100000
11010110
11001111
11001011
11001010
11001011
11001011
11001011
11001010
11001000
11001000
11000111
11000101
11000000
10110110
10101000
10011000
10001000
01111011
01110000
01101001
01100011
01011101
01011000
01010100
01010000
01001011
01000101
00111101
00110100
00101110
00101001
00100101
00100000
00011010
00010101
00010001
00001111
00001111
