11111111
11111100
11111000
11110010
11101100
11100100
11011110
11010111
11010011
11001111
11001100
11001010
11000111
11000011
10111100
10110010
10100101
10010110
10000110
01110111
01101011
01100001
01011001
01010100
01010000
01001101
01001011
01001010
01001010
01001010
01001000
01000100
00111101
00110011
00100111
00011100
00010011
00001100
00001001
00000111
00000111
00001000
00001010
00001011
00001100
00001101
00001100
00001100
00001010
00001000
00000101
00000011
00000001
00000000
00000001
00000100
00000111
00001011
00010001
00011010
00100100
00101111
00111010
01000101
01001101
01010101
01011011
01100001
01101000
01101111
01111000
10000010
10001101
10011000
10100010
10101010
10110001
10110111
10111011
10111111
11000011
11000110
11000111
11001001
11001010
11001110
11010011
11011001
11100001
11101000
11101111
11110101
11111010
11111101
