00000010
00000101
00001100
00010111
00100100
00110000
00111100
01001000
01010110
01100110
01111000
10001101
10100010
10110101
11000101
11010001
11011001
11100000
11100101
11101010
11110000
11110111
11111100
11111111
11111101
11111000
11101111
11100011
11010101
11000111
10111001
10101011
10011101
10001111
10000001
01110011
01100100
01010011
01000100
00110110
00101101
00101000
00100110
00100100
00100001
00011011
00010010
00001010
00000011
00000000
