00000000
00000000
00000001
00000010
00000011
00000110
00001001
00001101
00010011
00011001
00100000
00100110
00101100
00110010
00111000
00111111
01000111
01001110
01010101
01011100
01100001
01100110
01101011
01101111
01110100
01111010
10000000
10000101
10001010
10001110
10010010
10010110
10011010
10011101
10100000
10100001
10100010
10100001
10100000
10011110
10011100
10011010
10011001
10010111
10010110
10010101
10010100
10010010
10010001
10010001
10010000
10010000
10001111
10001110
10001110
10001110
10010000
10010011
10010110
10011010
10011110
10100011
10101000
10101101
10110011
10111000
10111101
11000010
11000101
11000111
11001000
11001000
11001000
11000111
11000110
11000101
11000101
11000100
11000011
11000010
11000000
10111111
10111110
10111110
10111111
11000000
11000001
11000100
11000111
11001010
11001111
11010011
11011000
11011100
11011111
11100001
11100010
11100000
11011110
11011011
11010111
11010011
11001111
11001101
11001011
11001011
11001100
11001100
11001101
11001100
11001011
11001001
11001000
11000110
11000110
11000101
11000100
11000100
11000011
11000010
11000010
11000010
11000010
11000010
11000001
11000000
10111110
10111100
10111010
10111000
10110111
10110111
10110110
10110110
10110100
10110011
10110001
10101101
10101010
10100101
10100001
10011101
10011011
10011001
10011000
10010111
10010111
10010111
10010111
10011000
10011001
10011010
10011101
10100000
10100011
10100110
10101010
10101100
10101110
10110000
10110000
10110001
10110001
10110001
10110001
10110001
10110001
10110001
10110010
10110011
10110101
10110111
10111010
10111100
10111110
10111111
11000000
11000001
11000010
11000100
11000101
11000101
11000101
11000101
11000101
11000101
11000110
11001000
11001010
11001100
11001111
11010001
11010011
11010011
11010011
11010010
11010001
11001111
11001100
11001001
11000110
11000010
10111110
10111010
10110110
10110010
10101110
10101011
10101000
10100101
10100011
10011111
10011011
10010110
10010000
10001011
10000101
10000000
01111011
01110110
01110010
01101110
01101001
01100011
01011101
01010111
01010010
01001101
01001010
01000111
01000101
01000100
01000100
01000101
01000110
01001000
01001001
01001001
01001000
01000110
01000100
01000010
01000010
01000011
01000101
01001000
01001100
01001111
01010010
01010011
01010100
01010100
01010011
01010001
01001111
01001011
01001000
01000100
01000001
00111111
00111101
00111101
00111111
01000010
01000111
01001101
01010100
01011011
01100000
01100101
01100111
01100111
01100110
01100011
01100000
01011110
01011101
01011101
01011101
01011111
01100000
01100010
01100011
01100100
01100100
01100011
01100001
01011110
01011011
01011001
01011000
01011001
01011100
01100000
01100101
01101010
01101111
01110100
01111001
01111111
10000100
10001010
10010000
10010110
10011011
10011111
10100010
10100101
10100111
10101000
10101001
10101000
10100111
10100101
10100001
10011110
10011010
10010111
10010100
10010010
10010001
10010001
10010001
10010001
10010001
10010010
10010011
10010011
10010100
10010101
10010110
10011000
10011010
10011101
10100001
10100101
10101010
10110000
10110110
10111100
11000010
11001000
11001101
11010000
11010011
11010011
11010001
11001110
11001000
11000010
10111100
10110101
10101110
10101000
10100100
10100010
10100001
10100010
10100011
10100100
10100011
10100010
10011111
10011011
10010110
10010001
10001101
10001010
10001000
10000111
10000111
10001001
10001011
10001101
10001110
10001110
10001101
10001011
10001001
10000110
10000100
10000011
10000001
01111111
01111101
01111010
01110111
01110100
01110010
01110000
01101110
01101101
01101100
01101101
01101101
01101111
01110001
01110100
01110111
01111010
01111101
10000000
10000011
10000111
10001010
10001110
10010011
10010111
10011100
10100000
10100011
10100101
10100110
10100111
10101000
10101000
10101001
10101000
10101000
10101000
10100111
10100101
10100011
10100001
10011101
10011001
10010101
10010000
10001011
10000110
10000010
01111101
01111001
01110011
01101101
01100111
01100001
01011100
01010111
01010101
01010011
01010100
01010110
01011010
01011111
01100100
01101010
01101101
01101110
01101101
01101010
01100101
01100000
01011011
01011000
01010110
01010111
01011001
01011101
01100001
01100110
01101100
01110001
01110101
01111000
01111001
01111001
01111000
01110111
01110101
01110010
01110000
01101110
01101100
01101011
01101011
01101100
01101110
01110010
01110110
01111011
10000000
10000100
10001000
10001010
10001011
10001010
10001000
10000100
01111110
01110111
01110001
01101010
01100101
01100001
01011111
01011111
01100001
01100101
01101010
01110001
01111001
10000000
10000111
10001101
10010000
10010000
10001101
10001000
10000010
01111011
01110100
01101111
01101011
01101010
01101011
01101110
01110100
01111100
10000101
10001110
10010101
10011010
10011100
10011100
10011001
10010011
10001101
10000110
10000001
01111101
01111100
01111110
10000100
10001101
10011000
10100101
10110000
10111001
10111110
11000000
10111111
10111011
10110110
10101111
10101000
10100000
10011001
10010010
10001100
10000111
10000011
10000001
10000001
10000010
10000100
10000111
10001010
10001101
10010000
10010001
10010001
10001111
10001011
10000110
10000000
01111100
01111001
01111001
01111100
10000001
10001000
10010000
10011000
10100000
10101000
10110000
10111000
10111111
11000101
11001010
11001101
11001111
11010000
11001111
11001110
11001100
11001010
11001001
11001010
11001100
11001111
11010100
11011011
11100001
11101000
11101111
11110101
11111010
11111110
11111111
11111110
11111010
11110100
11101110
11101000
11100010
11011110
11011011
11011010
11011010
11011011
11011101
11011111
11100000
11100001
11100000
11011110
11011010
11010101
11001111
11001010
11000101
11000001
11000000
11000000
11000011
11000111
11001011
11001111
11010011
11010110
11011000
11011000
11010111
11010101
11010001
11001100
11000110
11000000
10111010
10110101
10110000
10101101
10101010
10101001
10101000
10101000
10101000
10101000
10100110
10100011
10011111
10011011
10010111
10010101
10010011
10010011
10010011
10010011
10010011
10010010
10010010
10010011
10010100
10010110
10011001
10011100
10011111
10100001
10100011
10100101
10100110
10100111
10100111
10100110
10100011
10100000
10011100
10010111
10010011
10010000
10001101
10001011
10001001
10000111
10000101
10000010
01111111
01111011
01111000
01110100
01110000
01101011
01100101
01011110
01010111
01001111
01000111
00111111
00110111
00110000
00101001
00100011
00011110
00011011
00011000
00010110
00010100
00010001
00001101
00001011
00001001
00001000
