00011000
00011100
00100010
00101001
00110011
00111110
01001010
01010101
01011111
01100110
01101010
01101010
01101001
01100111
01100100
01100001
01011110
01011010
01010110
01010010
01001110
01001011
01001010
01001010
01001010
01001010
01001001
01001001
01001010
01001111
01010101
01011110
01100111
01101111
01110111
01111111
10000111
10001110
10010011
10010110
10010111
10010111
10010101
10010001
10001100
10000101
01111110
01110110
01110001
01101111
01110001
01111000
10000010
10001110
10011001
10100011
10101011
10110000
10110011
10110011
10110010
10101111
10101011
10100110
10100001
10011101
10011010
10011000
10010111
10010101
10010100
10010011
10010011
10010011
10010101
10011000
10011101
10100011
10101011
10110010
10111010
11000000
11000110
11001011
11001111
11010100
11011000
11011010
11011011
11011001
11010100
11001100
11000101
10111110
10111011
10111101
11000001
11001000
11010000
11010110
11011010
11011011
11011010
11010111
11010100
11010011
11010100
11011001
11100000
11101000
11110000
11110111
11111101
11111111
11111110
11111000
11101110
11100010
11010101
11001001
10111111
10111010
10111000
10111011
11000001
11001001
11010010
11011010
11100010
11101010
11110001
11110110
11111010
11111001
11110101
11101110
11100101
11011010
11001111
11000100
10111001
10110001
10101010
10100110
10100010
10011101
10010111
10010000
10001000
10000000
01111011
01111000
01111001
01111101
10000011
10001100
10010101
10011111
10101000
10101110
10110001
10110000
10101100
10100101
10011111
10011001
10010101
10010011
10010001
10001111
10001100
10001010
10001001
10001001
10001010
10001011
10001101
10001110
10010001
10010101
10011010
10011111
10100100
10101000
10101101
10110011
10111011
11000110
11010011
11100000
11101100
11110101
11111011
11111110
11111101
11111001
11110011
11101100
11100100
11011101
11010111
11010011
11010001
11001111
11001100
11001000
11000010
10111010
10110000
10100101
10011000
10001011
01111110
01110010
01100111
01011110
01010110
01001101
01000100
00111001
00101110
00100011
00011001
00010000
00001010
00000100
00000001
00000000
00000001
00000101
00001011
00010100
00011101
00100101
00101100
00110000
00110001
00110000
00101110
00101010
00100101
00100000
00011100
00011000
00010110
00010101
00010101
00010110
00010111
00011000
00011001
00011010
00011100
00011110
00100001
00100100
00101001
00101111
00110110
00111101
01000101
01001100
01010010
01011000
01011110
01100011
01101000
01101110
01110101
01111010
01111110
01111111
01111101
01111010
01110110
01110001
01101001
01100000
01010110
01001101
01000110
01000010
01000001
01000011
01000101
01001000
01001100
01010000
01010101
01011011
01100001
01101000
01101110
01110100
01111010
01111111
10000110
10001100
10010001
10010110
10010111
10010111
10010101
10010010
10001111
10001101
10001100
10001110
10010010
10011001
10100001
10101000
10101101
10101110
10101011
10100101
10011111
10011000
10010001
10001011
10000100
01111101
01110110
01110001
01101100
01101001
01100111
01100011
01011111
01011011
01010110
01010001
01001100
01001001
01000110
01000101
01000110
01001000
01001011
01010000
01010110
01011010
01011110
01011111
01011111
01011110
01011010
01010101
01001101
01000100
00111010
00110001
00101011
00101000
00101000
00101010
00101100
00101111
00110010
00110100
