11111111
11111101
11110101
11101000
11011000
11001000
10111100
10110100
10110000
10101110
10101111
10110010
10110111
10111110
11001000
11010011
11011110
11100110
11101010
11101100
11101011
11101000
11100010
11011001
11001101
11000000
10110100
10101001
10100010
10011101
10011001
10010110
10010001
10001011
10000100
01111011
01110011
01101101
01101010
01101011
01101101
01110001
01110100
01110110
01110111
01111001
01111100
10000000
10000101
10001011
10010001
10010110
10011011
10011110
10011111
10011110
10011011
10010111
10010010
10001101
10001000
10000101
10000101
10001000
10001101
10010011
10011000
10011011
10011100
10011011
10011000
10010000
10000101
01111000
01101011
01011111
01010110
01001111
01001001
01000010
00111011
00110011
00101100
00100111
00100011
00100001
00100001
00100010
00100101
00101001
00101111
00110100
00111000
00111010
00111001
00110110
00101111
00100110
00011100
00010011
00001110
00001100
00001101
00010000
00010100
00010111
00011001
00011000
00010110
00010011
00001111
00001101
00001011
00001010
00001000
00000101
00000010
00000000
00000000
00000100
00001010
00010010
00011001
00100001
00101000
00110000
00111000
00111110
01000010
01000100
01000101
01000111
01001011
01010001
01011001
01100001
01101001
01110001
01110110
01111010
01111100
01111011
01111000
01110110
01110101
01111000
01111100
01111111
10000010
10000011
10000100
10000100
10000100
10000011
10000010
10000010
10000011
10000111
10001101
10010100
10011010
10011110
10011110
10011011
10010110
10010001
10001110
10001111
10010110
10100010
10110010
11000100
11010100
11100011
11110000
11111001
11111111
