00001110
00010011
00011011
00100101
00101110
00110110
00111101
01000100
01001001
01001011
01001100
01001011
01001011
01001100
01010000
01010110
01011111
01101011
01111010
10001010
10011001
10100100
10101100
10110001
10110101
10111001
10111110
11000100
11001011
11010011
11011101
11101000
11110001
11111000
11111100
11111110
11111111
11111110
11111011
11110111
11110100
11110010
11110010
11110010
11110001
11101111
11101110
11101100
11101100
11101100
11101010
11100110
11100001
11011001
11010000
11000101
10111010
10110001
10101001
10100010
10011011
10010100
10001100
10000101
01111110
01110110
01101111
01100110
01011100
01010000
01000011
00110111
00101101
00100110
00100001
00011110
00011011
00011011
00011110
00100011
00101000
00101010
00101000
00100010
00011000
00001111
00000111
00000010
00000000
