11111110
11111101
11111011
11111000
11110011
11101110
11101010
11100110
11100010
11011110
11011001
11010010
11001010
11000001
10110110
10101010
10011101
10001110
10000000
01110011
01101001
01100010
01011111
01011111
01100000
01100010
01100010
01100010
01100001
01011111
01011100
01011010
01010111
01010110
01010110
01011000
01011100
01100000
01100011
01100100
01100011
01100000
01011011
01010110
01010010
01001111
01001110
01010000
01010101
01011100
01100110
01110001
01111100
10000101
10001101
10010001
10010100
10010100
10010010
10001111
10001101
10001011
10001011
10001110
10010011
10011001
10100000
10100101
10101000
10101001
10101001
10101000
10100111
10101000
10101001
10101011
10101101
10101111
10110010
10110011
10110011
10110001
10101110
10101011
10101000
10100111
10101001
10101101
10110010
10111000
10111101
11000000
11000001
11000001
10111111
10111101
10111010
10111000
10110110
10110110
10110111
10111000
10111000
10111000
10110110
10110001
10101011
10100011
10011001
10010000
10000111
10000000
01111011
01111010
01111011
01111110
10000001
10000100
10000110
10000110
10000101
10000011
10000000
01111110
01111010
01110111
01110011
01110000
01101110
01101101
01101101
01101101
01101100
01101100
01101011
01101011
01101011
01101011
01101011
01101010
01101001
01100111
01100110
01100101
01100100
01100011
01100001
01011110
01011010
01010110
01010010
01001111
01001100
01001001
01000111
01000100
01000000
00111011
00110110
00110000
00101011
00100101
00100001
00011111
00100000
00100011
00100111
00101011
00101111
00110001
00110011
00110101
00110110
00110111
00110111
00110111
00110101
00110011
00110001
00101110
00101010
00100110
00100001
00011011
00010101
00010000
00001011
00000111
00000100
00000001
00000000
00000000
00000010
00000101
00001011
00010001
00011001
00100010
00101010
00110011
00111010
01000001
01000111
01001011
01001101
01001101
01001100
01001011
01001001
01000111
01000100
01000001
00111110
00111011
00111000
00110101
00110001
00101110
00101010
00101000
00100111
00100111
00101010
00101110
00110001
00110100
00110110
00111000
00111010
00111100
00111110
00111111
01000000
01000000
01000000
01000000
00111111
00111110
00111011
00110111
00110011
00101111
00101100
00101011
00101011
00101100
00101110
00110000
00110100
00111001
00111111
01000110
01001100
01010001
01010100
01010101
01010110
01010110
01010110
01010111
01011010
01011101
01100011
01101001
01101111
01110110
01111010
01111100
01111011
01111000
01110101
01110011
01110001
01110000
01101111
01101111
01101101
01101010
01100110
01100000
01011000
01001110
01000011
00111000
00101111
00101010
00100111
00101001
00101101
00110010
00111000
00111101
01000001
01000100
01000100
01000011
01000001
00111110
00111011
00111010
00111010
00111100
00111110
01000000
01000010
01000010
01000010
01000011
01000101
01001000
01001100
01010000
01010101
01011010
01011101
01100000
01100000
01011101
01011000
01010010
01001011
01000100
00111111
00111100
00111010
00111001
00111010
00111100
01000000
01000101
01001010
01001110
01010010
01010100
01010101
01010110
01010111
01011010
01011110
01100010
01101000
01101110
01110100
01111000
01111011
01111100
01111010
01110110
01110000
01101011
01100111
01100110
01101001
01101110
01110101
01111101
10000100
10001011
10010000
10010011
10010011
10010000
10001011
10000110
10000010
01111111
01111110
01111110
10000000
10000011
10000110
10001010
10010000
10010111
10011110
10100101
10101011
10110000
10110011
10110101
10110101
10110011
10110000
10101011
10100110
10100010
10011111
10011110
10011110
10011111
10100001
10100001
10100001
10100001
10011111
10011100
10011000
10010011
10001100
10000101
01111110
01111001
01110110
01110100
01110011
01110001
01110000
01101110
01101011
01101001
01100111
01100101
01100010
01011110
01011011
01010111
01010100
01010000
01001100
01001000
01000100
01000010
01000001
01000000
01000000
01000000
00111111
00111101
00111100
00111100
00111110
01000010
01001000
01010000
01011001
01100101
01110010
10000000
10001110
10011001
10100011
10101010
10101111
10110010
10110011
10110010
10101110
10101001
10100010
10011001
10010001
10001001
10000010
01111011
01110101
01101111
01101001
01100011
01011101
01010111
01010010
01001100
01000110
01000000
00111010
00110100
00101111
00101010
00100110
00100010
00011111
00011100
00011011
00011010
00011001
00011000
00010110
00010100
00010011
00010011
00010100
00010111
00011100
00100011
00101100
00110111
01000010
01001110
01011001
01100010
01101001
01101111
01110011
01110111
01111010
01111110
10000001
10000100
10001001
10001110
10010101
10011100
10100011
10101010
10101111
10110100
10111000
10111011
10111110
10111111
10111111
10111101
10111010
10110101
10110000
10101011
10100101
10011111
10011000
10010010
10001101
10001010
10001000
10000110
10000101
10000001
01111100
01110101
01101100
01100011
01011001
01001110
01000101
00111100
00110101
00110001
00110000
00110010
00110100
00110110
00111000
00111000
00110110
00110100
00110010
00101111
00101101
00101100
00101101
00110000
00110110
00111110
01000110
01001110
01010011
01010110
01010111
01010111
01010111
01010111
01011000
01011011
01011110
01100001
01100101
01101001
01101100
01101101
01101101
01101100
01101010
01101001
01101000
01101000
01101001
01101001
01101001
01101000
01100111
01100100
01100001
01011101
01011001
01010110
01010100
01010101
01011001
01011110
01100011
01100110
01100110
01100100
01011111
01011001
01010010
01001011
01000110
01000010
01000000
01000000
01000011
01001010
01010010
01011100
01100110
01101111
01110110
01111100
10000001
10000101
10001000
10001100
10010000
10010110
10011111
10101000
10110010
10111100
11000100
11001010
11001110
11010000
11010010
11010101
11011000
11011100
11100001
11101000
11101111
11110110
11111011
11111111
