11111111
11111011
11110101
11101111
11101001
11100100
11100000
11011101
11011010
11011000
11010110
11010100
11010001
11001110
11001010
11000101
10111111
10110111
10101110
10100101
10011011
10010001
10001000
10000000
01111000
01110010
01101101
01101010
01100111
01100101
01100100
01100011
01100001
01100000
01011111
01011110
01011101
01011100
01011010
01010111
01010001
01001010
01000010
00111001
00110000
00100111
00011110
00010101
00001100
00000101
00000001
00000000
00000011
00001000
00010000
00011001
00100010
00101001
00101111
00110011
00110101
00110110
00110111
00111001
00111011
00111111
01000101
01001100
01010010
01010111
01011001
01011000
01010011
01001101
01000110
01000000
00111100
00111011
00111011
00111110
01000001
01000100
01000111
01001010
01001101
01010000
01010011
01010110
01011010
01011101
01100000
01100011
01100110
01101000
01101000
01101001
01101001
01101011
01101111
01110101
01111101
10000110
10001110
10010110
10011100
10100001
10100100
10100110
10100110
10100101
10100010
10011110
10011001
10010011
10001011
10000100
01111101
01111000
01110110
01110110
01111001
01111100
10000000
10000001
10000001
01111111
01111100
01111001
01111000
01111000
01111011
01111110
10000010
10000110
10001000
10001001
10001011
10001101
10010000
10010100
10011000
10011011
10011100
10011011
10010111
10010010
10001100
10001000
10000110
10000110
10001000
10001011
10010000
10010100
10011000
10011010
10011011
10011011
10011100
10011111
10100101
10101100
10110101
10111110
11000101
11001010
11001101
11001110
11001110
11001101
11001100
11001011
11001011
11001010
11001000
11000100
10111100
10110011
10101001
10100001
10011101
10011100
10011110
10100001
10100101
10100111
10100111
10100110
10100100
10100010
10100000
10011111
10100000
10100011
10100110
10100111
10100111
10100011
10011101
10010111
10010010
10001111
10001111
10010001
10010100
10011000
10011010
10011010
10011000
10010101
10010001
10001110
10001101
10001111
10010000
10010001
10010000
10001101
10001010
10000111
10000110
10000111
10001000
10001010
10001100
10001110
10010001
10010100
10011000
10011101
10100000
10100100
10100111
10101001
10101100
10101111
10110010
10110101
10110110
10110100
10101111
10101000
10011110
10010100
10001010
10000000
01110110
01101100
01100011
01011011
01010111
01010110
01011010
01100001
01101011
01110101
01111110
10000101
10001010
10001101
10001110
10001101
10001010
10000110
10000010
01111110
01111010
01110111
01110100
01110000
01101101
01101010
01101000
01101000
01101001
01101100
01101110
01101111
01101111
01101110
01101101
01101100
01101101
01110000
01110100
01111001
01111110
10000011
10000111
10001010
10001100
10001110
10001110
10001111
10010001
10010100
10011000
10011101
10100001
10100101
10100111
10101000
10101001
10101011
10101101
10110000
10110100
10111000
10111100
10111111
11000001
11000010
11000010
11000001
10111110
10111100
10111001
10111000
10111000
10111010
10111101
11000010
11001000
11001110
11010101
11011101
11100101
11101100
11110010
11110111
11111010
11111100
11111101
11111101
11111110
