11111111
11111100
11110101
11101101
11100110
11100100
11100101
11101000
11101100
11101101
11101010
11100010
11011000
11001100
11000011
10111100
10110111
10110100
10110001
10101101
10101001
10100011
10011100
10010101
10001111
10001011
10001001
10001000
10000111
10000101
01111111
01110100
01100101
01010010
01000000
00101111
00100001
00011000
00010001
00001011
00000110
00000010
00000000
00000001
00000101
00001010
00010000
00010100
00010110
00010101
00010010
00001101
00000111
00000011
00000001
00000010
00000110
00001100
00010011
00011000
00011011
00011011
00011001
00010101
00010001
00001110
00001011
00001001
00000111
00000101
00000011
00000010
00000010
00000011
00000110
00001000
00001011
00001110
00010000
00010010
00010011
00010101
00011000
00011100
00100001
00100111
00101110
00110100
00111010
00111110
01000010
01000100
01000110
01001001
01001011
01001101
01001110
01001110
01001101
01001100
01001010
01001010
01001100
01001111
01010100
01011000
01011100
01011110
01011111
01011110
01011100
01011010
01011001
01011011
01100000
01100101
01101001
01101011
01101101
01101110
01110000
01110011
01110110
01111010
01111110
10000001
10000010
10000001
01111110
01111001
01110010
01101100
01100110
01100010
01011111
01011101
01011101
01011110
01100001
01100101
01101010
01110001
01111001
10000011
10001110
10011010
10100101
10101110
10110100
10111000
10111011
10111111
11000010
11000110
11001000
11001010
11001011
11001011
11001011
11001001
11000110
11000010
10111110
10111011
10111010
10111011
10111110
11000010
11000110
11001010
11001101
11001111
11001111
11001110
11001010
11000100
10111101
10110110
10110000
10101100
10101011
10101010
10101001
10101000
10100110
10100101
10100100
10100011
10100001
10011110
10011001
10010001
10000110
01111010
01101101
01100000
01010010
01000101
00111001
00101110
00100110
00100011
00100011
00100101
00101000
00101010
00101101
00110000
00110011
00111000
00111111
01000111
01001111
01010101
01011001
01011011
01011100
01011010
01011000
01010101
01010011
01010000
01001110
01001011
01000111
01000010
00111100
00110110
00110000
00101011
00101000
00101010
00110000
00111010
01000100
01001101
01010011
01010110
01010110
01010101
01010010
01001111
01001100
01001010
01001000
01000111
01000110
01000111
01001001
01001101
01010001
01010101
01010111
01010111
01010110
01010101
01010100
01010011
01010011
01010011
01010100
01010101
01010101
01010011
01010000
01001100
01000111
01000011
01000001
01000100
01001011
01010101
01100010
01101110
01111000
01111111
10000100
10000111
10001010
10001110
10010100
10011000
10011010
10011000
10010011
10001100
10000111
10000100
10000110
10001011
10010001
10011000
10011110
10100010
10100011
10100010
10100000
10011101
10011100
10011111
10100101
10101101
10110111
10111111
11000110
11001001
11001011
11001101
11010000
11011000
11100001
11101011
11110011
11111001
11111100
11111100
11111100
11111011
11111011
11111101
