01101110
01100000
01010010
01000100
00111000
00101110
00100110
00100001
00011101
00011001
00010110
00010001
00001011
00000101
00000000
00000000
00000110
00010001
00011111
00101101
00111000
00111101
00111100
00110101
00101100
00100001
00011001
00010100
00010011
00010100
00010100
00010011
00010000
00001101
00001001
00000101
00000011
00000100
00001000
00001111
00010110
00011100
00100001
00100100
00100101
00100011
00100001
00100001
00100101
00101100
00110101
00111110
01000100
01001000
01001010
01001100
01001110
01010001
01010111
01011110
01101001
01110101
10000100
10010011
10100001
10101101
10110110
10111100
10111111
11000001
11000011
11000101
11000110
11000111
11000111
11001000
11001001
11001010
11001101
11001111
11010001
11010001
11010001
11010000
11010000
11010010
11010111
11011110
11100111
11110001
11111001
11111110
11111111
11111011
11110011
11101000
11011100
11010001
11000111
11000000
10111011
10111010
10111011
11000000
11000110
11001100
11010000
11010010
11010010
11001110
11001001
11000011
10111010
10110001
10101001
10100011
10100001
10100010
10100100
10100101
10100100
10100000
10011001
10010000
10000111
10000001
01111111
10000001
10000101
10001010
10001110
10010010
10010011
10010011
10010010
10001111
10001101
10001011
10001011
10001011
10001101
10001110
10001110
10001110
10001101
10001100
10001100
10001101
10010000
10010101
10011101
10100110
10110000
10110111
10111011
10111100
10111011
10111010
10110111
10110100
10110000
10101010
10100001
10010101
10000101
01110011
01100010
