11110111
11110001
11101000
11011110
11010010
11000110
10111001
10101110
10100100
10011011
10010100
10001110
10001010
10000110
10000010
01111110
01111010
01110110
01110010
01101110
01101001
01100101
01100000
01011011
01010110
01010001
01001100
01001000
01000101
01000100
01000101
01000111
01001011
01010000
01010100
01010111
01010111
01010100
01001101
01000100
00111011
00110010
00101010
00100100
00011110
00011000
00010010
00001100
00000110
00000001
00000000
00000011
00001001
00010010
00011011
00100011
00101010
00110000
00110101
00111010
01000000
01000110
01001110
01010101
01011010
01011100
01011011
01011001
01010111
01010111
01011010
01100000
01101000
01110010
01111100
10000110
10001110
10010101
10011011
10100001
10100110
10101011
10101110
10101111
10101110
10101001
10100010
10011001
10010010
10001111
10010010
10011001
10100100
10101101
10110101
10111000
10110111
10110011
10101110
10101011
10101010
10101101
10110011
10111001
10111110
11000000
10111110
10111001
10110001
10101010
10100101
10100010
10100010
10100100
10100111
10101010
10101011
10101011
10101011
10101011
10101100
10101100
10101100
10101010
10101000
10100110
10100100
10100011
10100101
10101000
10101100
10101111
10101111
10101100
10100111
10011111
10011000
10010001
10001101
10001101
10010000
10010101
10011011
10100011
10101011
10110100
10111100
11000100
11001100
11010010
11011001
11100000
11100111
11101110
11110100
11111010
11111101
11111111
