11111111
11111101
11111010
11110101
11110000
11101011
11100110
11100010
11011110
11011010
11010101
11001111
11001001
11000011
10111110
10111010
10110111
10110101
10110100
10110001
10101100
10100011
10010110
10000111
01111000
01101000
01011010
01001100
01000001
00110111
00110000
00101001
00100011
00011111
00011101
00011100
00011101
00011110
00011101
00011100
00011001
00010111
00010011
00001111
00001001
00000100
00000001
00000000
00000010
00000101
00001001
00001100
00010000
00010100
00011001
00011110
00100010
00100110
00101010
00101110
00110010
00110111
00111101
01000100
01001100
01010100
01011100
01100110
01110010
10000000
10001111
10011101
10101010
10110101
10111110
11000101
11001100
11010100
11011101
11100111
11110001
11111010
11111111
