00000111
00001011
00010011
00011011
00100101
00101101
00110101
00111010
00111101
00111110
00111111
01000000
01000010
01001000
01010000
01011001
01100011
01101110
01110111
01111110
10000100
10001001
10001100
10001111
10010010
10010101
10011011
10100010
10101101
10111001
11000110
11010100
11100010
11101111
11111001
11111101
11111100
11111000
11110101
11110011
11110100
11110111
11111011
11111110
11111111
11111101
11110111
11101110
11100011
11011010
11010100
11001111
11001011
11000110
10111111
10110101
10101000
10011010
10001100
10000001
01111001
01110101
01110011
01110001
01101101
01100111
01100000
01011100
01011010
01011001
01010111
01010010
01001000
00111011
00101100
00011110
00010001
00000111
00000000
