00000111
00001010
00010000
00011010
00100110
00110010
00111100
01000011
01000111
01000111
01000110
01000100
01000100
01000111
01001101
01010100
01011011
01100000
01100011
01100011
01100001
01011111
01011101
01011101
01011110
01100001
01100101
01101000
01101011
01101100
01101011
01101010
01100111
01100101
01100010
01100000
01011111
01011100
01011001
01010101
01010001
01001101
01001010
01001010
01001100
01010001
01010111
01011110
01100101
01101011
01110000
01110011
01110110
01111001
01111101
10000011
10001011
10010101
10011111
10101000
10101111
10110010
10110011
10110010
10110001
10110010
10110110
10111011
11000010
11001001
11001101
11001111
11001101
11001001
11000100
10111111
10111100
10111011
10111011
10111101
11000000
11000001
11000000
10111110
10111010
10110101
10110000
10101100
10101010
10101001
10101010
10101100
10101110
10101110
10101110
10101100
10101010
10101000
10101001
10101101
10110100
10111101
11000111
11010000
11010110
11011011
11011101
11011110
11011110
11100000
11100011
11100110
11101010
11101100
11101100
11101001
11100011
11011011
11010011
11001011
11000110
11000010
11000001
11000001
11000001
11000001
11000000
10111110
10111101
10111110
11000000
11000100
11001000
11001100
11001111
11010000
11001110
11001100
11001000
11000110
11000101
11000110
11001000
11001101
11010010
11010110
11011001
11011011
11011010
11011001
11011000
11011000
11011010
11011110
11100011
11101000
11101011
11101101
11101011
11100111
11100010
11011100
11011000
11010110
11010111
11011011
11100001
11100110
11101001
11101010
11101000
11100100
11011111
11011011
11011001
11011010
11011110
11100001
11100100
11100101
11100011
11011110
11011001
11010100
11010000
11001111
11010000
11010010
11010100
11010101
11010101
11010011
11001111
11001011
11000111
11000011
11000000
10111101
10111010
10110111
10110100
10101111
10101011
10100110
10100010
10011111
10011101
10011100
10011011
10011010
10011000
10010100
10001111
10001010
10000110
10000011
10000011
10000110
10001100
10010011
10011010
10100000
10100101
10100110
10100101
10100010
10011110
10011011
10011011
10011101
10100001
10100101
10101001
10101010
10101000
10100011
10011101
10011000
10010011
10010000
10001110
10001101
10001100
10001001
10000100
01111111
01111010
01110110
01110110
01111000
01111101
10000101
10001110
10010111
10011101
10100000
10011111
10011011
10010100
10001011
10000010
01111010
01110100
01101111
01101100
01101001
01100111
01100101
01100011
01100011
01100100
01100111
01101011
01110001
01110111
01111100
10000000
10000001
10000001
10000000
01111110
01111110
01111111
10000001
10000101
10001000
10001001
10001000
10000101
10000000
01111001
01110100
01110000
01101110
01101110
01101110
01101110
01101110
01101011
01101000
01100101
01100010
01100001
01100001
01100100
01100111
01101010
01101100
01101101
01101011
01101000
01100011
01011111
01011100
01011011
01011101
01100010
01101001
01110001
01110111
01111011
01111011
01111010
01110110
01110011
01110000
01101110
01101110
01101110
01101110
01101100
01101001
01100101
01100001
01011101
01011100
01011101
01100000
01100100
01100111
01101001
01101001
01100101
01011111
01011000
01010001
01001101
01001100
01001110
01010010
01010101
01010111
01010110
01010001
01001011
01000011
00111101
00111001
00111001
00111011
00111110
01000011
01000111
01001011
01001101
01010000
01010011
01010111
01011101
01100101
01101111
01111000
10000000
10000101
10000111
10000100
01111110
01110101
01101100
01100011
01011101
01011000
01010101
01010100
01010011
01010001
01001111
01001101
01001010
01001010
01001011
01001110
01010100
01011011
01100010
01100111
01101100
01101110
01101110
01101101
01101101
01101101
01101110
01110000
01110001
01110001
01101110
01101000
01100001
01011000
01010000
01001010
01000111
01000111
01001000
01001001
01001010
01001010
01001010
01001000
01001000
01001000
01001010
01001100
01001111
01010001
01010001
01001110
01000111
00111110
00110100
00101010
00100011
00100000
00100001
00100110
00101100
00110010
00110111
00111010
00111101
00111111
01000011
01001001
01010011
01011111
01101100
01111001
10000100
10001101
10010010
10010101
10010110
10010110
10010111
10011000
10011011
10011111
10100011
10100111
10101000
10101000
10100111
10100100
10100010
10100001
10100001
10100010
10100100
10100101
10100101
10100011
10100001
10011111
10011100
10011011
10011010
10011010
10011011
10011101
10011101
10011110
10011101
10011100
10011010
10011001
10011010
10011011
10011111
10100011
10100111
10101010
10101100
10101011
10101001
10100101
10100001
10011100
10010111
10010011
10001111
10001010
10000100
01111101
01110101
01101110
01101000
01100100
01100010
01100011
01100101
01101000
01101001
01101000
01100100
01011101
01010011
01001001
01000001
00111101
00111100
00111110
01000010
01000100
01000100
01000001
00111100
00110100
00101110
00101001
00100111
00101000
00101011
00110000
00110101
00111011
01000000
01000101
01001010
01001111
01010011
01010110
01011000
01011001
01011000
01010101
01010000
01001011
01000101
01000000
00111011
00111001
00111000
00111000
00111010
00111100
00111110
01000000
01000001
01000001
01000010
01000011
01000110
01001010
01010001
01011010
01100011
01101011
01110001
01110101
01110101
01110011
01110000
01101100
01101010
01101000
01101000
01101000
01100111
01100101
01100010
01011111
01011011
01011001
01011001
01011011
01011101
01100000
01100010
01100100
01100101
01100110
01101000
01101011
01110000
01110110
01111011
10000000
10000010
10000000
01111011
01110011
01100111
01011011
01010000
01000111
01000001
00111110
00111110
00111111
01000001
01000010
01000011
01000100
01000110
01000111
01001010
01001110
01010010
01010111
01011011
01011110
01100001
01100011
01100101
01100111
01101011
01110000
01110110
01111100
10000010
10000111
10001010
10001010
10001001
10001000
10000111
10001000
10001011
10010000
10010110
10011011
10011111
10100001
10100001
10011111
10011110
10011101
10011111
10100011
10101010
10110011
10111101
11000110
11001111
11010110
11011010
11011110
11100000
11100010
11100100
11100111
11101001
11101011
11101101
11101111
11110000
11110001
11110010
11110100
11110110
11111000
11111001
11111001
11111000
11110101
11110001
11101110
11101100
11101011
11101101
11110001
11110110
11111011
11111110
11111111
11111101
11110111
11101111
11100110
11011101
11010110
11010010
11010000
11001111
11001111
11001110
11001011
11000111
11000010
10111101
10111001
10110110
10110101
10110101
10110110
10111000
10111001
10111011
10111101
10111111
11000010
11000111
11001100
11010000
11010100
11010101
11010011
11001110
11000101
10111011
10110000
10100110
10011111
10011011
10011001
10011001
10011001
10011001
10010110
10010010
10001100
10000111
10000010
10000000
10000010
10000110
10001100
10010011
10011001
10011100
10011101
10011011
10010111
10010010
10001111
10001100
10001011
10001011
10001100
10001100
10001100
10001010
10000111
10000101
10000100
10000101
10000111
10001011
10001110
10010000
10010010
10010001
10010000
10001111
10001110
10001111
10010010
10010110
10011010
10011110
10100001
10100001
10011110
10011001
10010010
10001011
10000101
10000000
01111100
01111000
01110101
01110000
01101010
01100100
01011110
01011001
01010111
01010111
01011011
01011111
01100101
01101001
01101011
01101100
01101011
01101001
01101001
01101010
01101111
01110101
01111100
10000010
10000111
10001000
10000111
10000100
10000000
01111101
01111100
01111110
10000100
10001011
10010011
10011001
10011100
10011011
10010111
10010001
10001100
10001000
10000111
10001001
10001101
10010011
10011000
10011011
10011100
10011011
10011000
10010101
10010011
10010010
10010100
10010110
10011010
10011100
10011110
10011110
10011100
10011010
10011000
10010110
10010100
10010010
10010000
10001100
10000111
10000001
01111011
01110101
01110010
01110010
01110110
01111101
10000111
10010001
10011010
10011111
10100001
10011110
10010111
10001110
10000100
01111010
01110010
01101011
01100101
01011111
01011010
01010110
01010010
01010000
01010000
01010011
01011000
01011110
01100101
01101011
01110000
01110011
01110101
01110110
01110110
01111000
01111011
01111111
10000011
10000111
10001010
10001001
10000100
01111101
01110100
01101100
01100101
01100001
01100000
01100001
01100011
01100100
01100100
01100011
01011111
01011100
01011010
01011011
01011111
01100110
01110000
01111010
10000101
10001110
10010011
10010110
10010111
10010101
10010100
10010011
10010100
10010110
10011000
10011010
10011100
10011100
10011100
10011011
10011011
10011011
10011100
10011100
10011100
10011011
10011000
10010100
10001111
10001010
10000101
10000001
01111111
01111110
01111110
01111110
01111101
01111010
01110111
01110010
01101101
01101010
01101001
01101100
01110001
01111001
10000000
10000111
10001100
10001111
10001111
10001110
10001101
10001100
10001101
10010000
10010100
10010111
10011010
10011100
10011101
10011100
10011101
10011110
10100001
10100111
10101110
10110110
10111100
10111111
11000000
10111101
10110111
10110001
10101010
10100101
10100001
10011111
10011110
10011101
10011011
10011000
10010011
10001100
10000110
10000000
01111100
01111011
01111100
01111111
10000011
10000111
10001010
10001010
10001000
10000101
10000001
01111110
01111011
01111010
01111001
01110111
01110100
01101111
01101010
01100100
01100000
01011101
01011101
01011101
01011110
01100000
01100000
01100000
01100000
01011111
01011111
01100000
01100100
01101001
01101111
01110101
01111010
01111100
01111100
01111000
01110011
01101101
01101000
01100100
01100001
01100001
01100001
01100010
01100001
01011111
01011011
01010101
01010000
01001011
01001000
01001000
01001001
01001100
01001111
01010010
01010011
01010100
01010011
01010010
01010010
01010010
01010011
01010100
01010101
01010101
01010010
01001110
01000111
01000001
00111011
00110111
00110101
00110101
00110110
00111001
00111010
00111011
00111011
00111001
00110111
00110110
00110101
00110110
00111001
00111011
00111101
00111101
00111011
00110111
00110000
00101000
00100001
00011100
00011001
00011000
00010111
00010110
00010101
00010010
00010000
00001101
00001011
00001011
00001011
00001100
00001101
00001101
00001100
00001001
00000110
00000010
00000000
