11111111
11111111
11111101
11111001
11110100
11101110
11101000
11100001
11011000
11010000
11001000
11000001
10111101
10111010
10111000
10110111
10110101
10110011
10110000
10101101
10101000
10100011
10011101
10010111
10010010
10001101
10001010
10001001
10000111
10000110
10000101
10000100
10000011
10000011
10000010
10000000
01111101
01111010
01110111
01110101
01110100
01110010
01110001
01110001
01110010
01110011
01110110
01111010
01111110
10000010
10000100
10000110
10000111
10000111
10000110
10000011
10000000
01111100
01111010
01111001
01111001
01111011
01111101
01111110
01111111
01111111
01111111
10000000
10000000
10000001
10000001
10000010
10000011
10000110
10001010
10001111
10010101
10011011
10100001
10100110
10101010
10101101
10101110
10101110
10101110
10101101
10101110
10101111
10110000
10110010
10110100
10110101
10110110
10110111
10110111
10110110
10110100
10110010
10110000
10101111
10101111
10101110
10101101
10101011
10101000
10100100
10100000
10011101
10011001
10010101
10010000
10001100
10000111
10000010
01111101
01110101
01101101
01100100
01011011
01010101
01010001
01010000
01010001
01010011
01010111
01011100
01100001
01100101
01101000
01101001
01100111
01100100
01011111
01011010
01010110
01010010
01010000
01001101
01001100
01001011
01001011
01001011
01001010
01001001
01000110
01000100
01000011
01000100
01000101
01001000
01001010
01001110
01010010
01010111
01011100
01100000
01100011
01100100
01100100
01100011
01100010
01100001
01100001
01100000
01011100
01010111
01010000
01000111
00111110
00110101
00101100
00100011
00011101
00011000
00010110
00010101
00010101
00010101
00010101
00010110
00010111
00011001
00011100
00100000
00100011
00101000
00101100
00110000
00110100
00111000
00111001
00111001
00111000
00110110
00110101
00110101
00110110
00111001
00111101
01000010
01000111
01001011
01001110
01001110
01001100
01001000
01000011
00111111
00111100
00111100
00111110
01000001
01000100
01000111
01001010
01001101
01001111
01001111
01001110
01001011
01000111
01000010
00111101
00111001
00110110
00110100
00110010
00110001
00110001
00110000
00101111
00101101
00101010
00101000
00100110
00100110
00101001
00101100
00110001
00110110
00111011
01000001
01000110
01001011
01010000
01010100
01011000
01011011
01011110
01011111
01100001
01100001
01100001
01100001
01100010
01100101
01101010
01110000
01110111
01111101
10000011
10001000
10001011
10001100
10001011
10000110
01111111
01110110
01101101
01100101
01011111
01011100
01011011
01011110
01100011
01101001
01110000
01110110
01111011
01111100
01111100
01111010
01111000
01110110
01110101
01110100
01110100
01110100
01110100
01110101
01110110
01110111
01110111
01110110
01110101
01110010
01101111
01101011
01100111
01100001
01011011
01010101
01010001
01001101
01001011
01001001
01001001
01001000
01001000
01001000
01001001
01001001
01001001
01001001
01001000
01001001
01001011
01001111
01010101
01011100
01100100
01101011
01110010
01110111
01111011
01111100
01111100
01111010
01110111
01110100
01110010
01110000
01110000
01110000
01110001
01110010
01110100
01110100
01110100
01110010
01101110
01101010
01100111
01100100
01100010
01100010
01100010
01100100
01101000
01101101
01110011
01111011
10000010
10000111
10001011
10001101
10001111
10001111
10001111
10001111
10001111
10001110
10001110
10001101
10001100
10001100
10001100
10001110
10010010
10010111
10011111
10100110
10101101
10110010
10110101
10110110
10110111
10110111
10111000
10111001
10111011
10111110
11000000
11000011
11000100
11000100
11000000
10111000
10101110
10100001
10010011
10000110
01111001
01101101
01100100
01011110
01011010
01011010
01011011
01011110
01100001
01100011
01100100
01100101
01100110
01100111
01100111
01100111
01100111
01101000
01101010
01101110
01110100
01111010
10000001
10000111
10001110
10010100
10011010
10011111
10100010
10100011
10100011
10100001
10011111
10011100
10011010
10010110
10010011
10001111
10001100
10001001
10000110
10000011
01111111
01111010
01110100
01101101
01100100
01011001
01001110
01000011
00111000
00110000
00101010
00100110
00100100
00100010
00100000
00011011
00010110
00010000
00001010
00000101
00000010
00000000
00000001
00000011
00001001
00010000
00011001
00100010
00101010
00110001
00110110
00111010
00111101
00111111
01000000
01000011
01000111
01001101
01010100
01011101
01100111
01110000
01111010
10000011
10001100
10010110
10011111
10100111
10101111
10110110
10111100
11000010
11000110
11001000
11001001
11001001
11000111
11000110
11000101
11000011
11000010
10111111
10111011
10110110
10110000
10101000
10100000
10010111
10001101
10000011
01111010
01110011
01101101
01101000
01100100
01100001
01011101
01011001
01010101
01010010
01001111
01001101
01001101
01001100
01001110
01010000
01010010
01010100
01010101
01010100
01010010
01001110
01001010
01000110
01000010
01000000
00111111
01000001
01000101
01001100
01010101
01011110
01100110
01101101
01110010
01110101
01110111
01111000
01110111
01110101
01110010
01101111
01101101
01101011
01101010
01101010
01101000
01100111
01100110
01100110
01100110
01100111
01101000
01101001
01101001
01101010
01101011
01101100
01101101
01101101
01101101
01101101
01101101
01101101
01101100
01101100
01101010
01101001
01100111
01100101
01100101
01100110
01101001
01101110
01110100
01111100
10000101
10001111
10011010
10100011
10101100
10110100
10111100
11000011
11001001
11010000
11010101
11011011
11100001
11100111
11101101
11110011
11110111
11111011
11111100
