11111101
11111100
11111011
11111011
11111011
11111011
11111001
11110111
11110100
11110010
11101111
11101100
11101000
11100010
11011011
11010011
11001010
10111111
10110011
10100111
10011100
10010011
10001110
10001101
10001110
10010001
10010100
10010110
10010111
10010111
10010110
10010101
10010100
10010101
10010111
10011011
10011111
10100100
10100110
10100110
10100011
10011101
10010110
10001111
10001001
10000110
10000110
10001010
10010001
10011010
10100011
10101100
10110010
10110110
10111000
10110111
10110101
10110010
10101111
10101110
10101111
10110000
10110011
10110100
10110011
10110001
10101101
10101000
10100100
10100010
10100000
10100000
10100001
10100010
10100011
10100011
10100010
10100000
10011110
10011110
10100001
10100111
10101110
10110110
10111101
11000010
11000101
11000101
11000100
11000000
10111101
10111010
10111000
10111000
10111001
10111001
10111001
10110110
10110001
10101001
10100000
10010110
10001101
10000111
10000011
10000001
10000010
10000011
10000011
10000001
01111101
01111000
01110010
01101010
01100011
01011100
01010110
01010001
01001101
01001001
01000111
01000100
01000010
01000000
00111111
00111111
00111110
00111110
00111110
00111111
01000001
01000101
01001000
01001011
01001101
01001101
01001100
01001010
01001000
01000110
01000101
01000100
01000011
01000010
01000001
01000000
00111110
00111101
00111100
00111110
01000000
01000100
01001001
01001100
01001111
01010001
01010010
01010011
01010100
01010011
01010000
01001100
01000111
01000001
00111010
00110001
00101001
00100000
00010111
00010000
00001010
00000101
00000010
00000000
00000000
00000100
00001001
00010001
00011010
00100100
00101101
00110110
00111101
01000010
01000101
01000101
01000101
01000011
01000010
01000001
01000001
01000010
01000011
01000100
01000101
01000101
01000100
01000010
00111111
00111101
00111100
00111110
01000001
01000101
01001001
01001101
01010001
01010011
01010101
01010101
01010100
01010001
01001110
01001010
01000111
01000011
00111110
00111010
00110111
00110100
00110011
00110010
00110010
00110010
00110010
00110100
00110111
00111011
00111111
01000010
01000100
01000101
01000110
01000111
01001000
01001010
01001110
01010011
01011010
01100010
01101000
01101100
01101100
01101011
01101000
01100100
01100001
01011111
01011101
01011101
01011100
01011011
01011001
01010110
01010000
01001000
01000001
00111011
00111001
00111001
00111100
01000010
01001000
01010000
01010111
01011101
01100010
01100101
01100110
01100110
01100110
01100110
01100110
01100101
01100100
01100010
01100000
01100000
01100010
01100101
01101011
01110001
01110111
01111011
01111101
01111011
01110101
01101100
01100001
01010101
01001011
01000011
00111110
00111100
00111100
00111110
01000010
01001000
01001111
01010101
01011010
01011110
01100010
01100110
01101100
01110011
01111010
10000010
10001001
10001111
10010011
10010101
10010101
10010011
10010000
10001111
10001111
10010001
10010110
10011011
10100001
10100111
10101011
10101101
10101101
10101010
10100110
10100001
10011101
10011010
10011001
10011001
10011010
10011011
10011110
10100001
10100110
10101011
10110000
10110101
10111000
10111001
10111010
10111000
10110101
10110001
10101100
10101000
10100110
10100110
10100110
10101000
10101001
10101011
10101011
10101011
10101001
10100110
10100001
10011011
10010110
10010011
10010000
10001111
10001101
10001100
10001010
10001000
10000101
10000010
01111101
01111000
01110011
01101110
01101001
01100101
01100000
01011100
01011001
01010110
01010100
01010001
01001110
01001011
01001001
01001000
01001001
01001101
01010100
01011110
01101011
01111010
10001011
10011100
10101011
10110110
10111110
11000001
11000001
10111110
10111000
10110000
10100110
10011011
10010001
10000111
01111111
01111000
01110001
01101010
01100011
01011100
01010110
01010001
01001100
01000111
01000010
00111110
00111010
00110110
00110011
00101111
00101101
00101011
00101001
00101000
00100110
00100100
00100000
00011110
00011100
00011101
00100000
00100101
00101101
00111000
01000100
01010010
01011111
01101011
01110101
01111100
10000010
10000110
10001010
10001101
10001111
10010011
10011000
10011110
10100011
10101001
10101101
10110000
10110010
10110010
10110010
10110000
10101100
10101000
10100010
10011101
10011000
10010100
10010000
10001011
10001000
10000101
10000100
10000100
10000011
10000000
01111100
01110101
01101101
01100011
01011001
01001111
01000101
00111111
00111011
00111011
00111100
00111110
01000000
01000000
00111110
00111101
00111011
00111001
00111001
00111011
00111111
01000101
01001101
01010110
01011101
01100001
01100011
01100010
01100000
01011110
01011101
01011110
01100000
01100011
01100111
01101100
01101111
01110001
01110011
01110100
01110101
01110110
01111001
01111011
01111110
10000000
10000010
10000010
10000010
10000001
10000000
10000000
10000011
10001000
10001110
10010101
10011001
10011011
10011010
10010110
10010000
10001001
10000010
01111100
01110111
01110101
01110111
01111100
10000011
10001011
10010010
10011001
10011101
10100000
10100001
10100010
10100011
10100111
10101101
10110101
10111110
11001000
11010000
11010110
11011010
11011101
11011111
11100001
11100100
11101000
11101101
11110011
11111010
11111111
