11111111
11111001
11110001
11100111
11011101
11010011
11001011
11000100
10111110
10111001
10110100
10110001
10101111
10101110
10101111
10101110
10101100
10100110
10011100
10010000
10000100
01111001
01101111
01100110
01011111
01011001
01010011
01001101
01000110
00111110
00110110
00101101
00100101
00011111
00011001
00010100
00010000
00001100
00001001
00000110
00000100
00000011
00000011
00000100
00000100
00000101
00000101
00000110
00000101
00000100
00000011
00000011
00000101
00000111
00001001
00001011
00001101
00001110
00001110
00001101
00001011
00001001
00000111
00000101
00000010
00000000
00000000
00000001
00000100
00001000
00001100
00001111
00010001
00010100
00010111
00011010
00011111
00100011
00101000
00101011
00101110
00110000
00110010
00110011
00110101
00111000
00111010
00111101
00111111
01000010
01000101
01000111
01001010
01001011
01001001
01000110
01000010
00111110
00111010
00111000
00111000
00111001
00111100
01000001
01000111
01001101
01010011
01011000
01011001
01010111
01010010
01001101
01001001
01000111
01000110
01000110
01000101
01000011
01000001
00111111
00111100
00111001
00110101
00110010
00110001
00110000
00110010
00110100
00111000
00111100
01000001
01000111
01001110
01010111
01100000
01101001
01101110
01110000
01101101
01101001
01100110
01100101
01100111
01101100
01110010
01110111
01111011
01111111
10000001
10000010
10000011
10000100
10000100
10000101
10000110
10000111
10000111
10000110
10000100
10000001
10000000
10000001
10000101
10001011
10010010
10011000
10011011
10011100
10011100
10011010
10011000
10010101
10010000
10001001
10000000
01110110
01101011
01100001
01011010
01010101
01010011
01010000
01001100
01000101
00111101
00110100
00101100
00101000
00101000
00101100
00110101
00111110
01000111
01001100
01001101
01001011
01001001
01001000
01001000
01001000
01001001
01001001
01000111
01000010
00111100
00110110
00110010
00110001
00110010
00110110
00111010
00111100
00111011
00111001
00110110
00110101
00110110
00111001
00111100
00111111
01000001
01000001
00111111
00111010
00110110
00110101
00110110
00111010
01000000
01000101
01000111
01000110
01000010
00111101
00110111
00110010
00101101
00101001
00100101
00100011
00100000
00011111
00011111
00100001
00100101
00101011
00110010
00111001
01000000
01000111
01001101
01010010
01010111
01011011
01100000
01100111
01101110
01110100
01111010
01111110
10000000
10000011
10000101
10001001
10001110
10010010
10010100
10010100
10010011
10010001
10010001
10010001
10010001
10010010
10010100
10010110
10011000
10011011
10011111
10100011
10100111
10101011
10101111
10110011
10110110
10111010
10111111
11000110
11001111
11011001
11100100
11110000
11111001
11111111
