00000000
00000001
00000011
00000101
00000111
00001001
00001010
00001100
00001110
00010010
00010101
00011000
00011010
00011010
00011000
00010101
00010010
00010000
00010001
00010101
00011011
00100011
00101011
00110010
00111001
00111111
01000100
01001001
01001110
01010100
01011011
01100001
01100110
01101011
01110001
01111001
10000010
10001100
10010110
10011111
10100110
10101010
10101101
10101110
10101110
10101110
10101110
10110000
10110010
10110101
10110111
10111001
10111001
10111001
10111001
10111010
10111100
10111111
11000101
11001011
11010010
11010111
11011011
11011110
11100000
11100011
11100111
11101101
11110011
11111000
11111100
11111110
11111111
11111110
11111100
11111001
11110111
11110101
11110011
11110010
11110001
11101111
11101110
11101101
11101110
11101111
11110001
11110011
11110011
11110010
11110000
11101110
11101100
11101011
11101100
11101101
11101110
11101111
11101101
11101010
11100101
11011111
11011000
11010010
11001100
11000110
11000001
10111100
10111000
10110011
10110000
10101101
10101011
10101001
10100110
10100010
10011100
10010100
10001011
10000011
01111011
01110011
01101100
01100110
01100000
01011100
01011010
01011001
01011001
01011001
01011001
01010111
01010110
01010011
01010001
01001111
01001101
01001100
01001100
01001100
01001100
01001100
01001101
01001110
01010000
01010001
01010011
01010110
01011000
01011100
01100000
01100011
01100111
01101010
01101100
01101110
01101111
01101101
01101010
01100110
01100001
01011101
01011010
01011000
01010110
01010101
01010100
01010100
01010101
01011000
01011101
01100011
01101001
01101110
01110011
01111000
01111101
10000010
10000101
10001000
10001001
10001010
10001010
10001010
10001010
10001011
10001101
10010010
10011000
10011110
10100010
10100011
10100011
10100001
10011110
10011100
10011010
10011010
10011100
10011111
10100011
10100110
10101001
10101011
10101101
10110001
10110110
10111011
11000001
11000110
11001010
11001101
11001110
11001110
11001110
11001110
11001110
11001110
11001101
11001101
11001100
11001011
11001010
11001010
11001011
11001100
11001100
11001011
11001010
11000111
11000100
10111111
10111010
10110011
10101100
10100110
10100000
10011101
10011010
10011001
10010111
10010111
10010110
10010110
10010110
10010100
10010010
10001111
10001100
10001000
10000100
10000000
01111010
01110101
01110000
01101011
01101001
01100111
01100111
01100110
01100101
01100011
01100000
01011100
01011000
01010100
01010000
01001100
01000111
01000011
00111101
00110110
00101110
00100101
00011011
00010010
00001011
00000110
