00000101
00001010
00010010
00011010
00100001
00100110
00101011
00110000
00110101
00111010
00111111
01000011
01000111
01001010
01001101
01010000
01010000
01001111
01001010
01000100
00111110
00111000
00110101
00110100
00110011
00110001
00101101
00101000
00100100
00100000
00011101
00011101
00100001
00101000
00110011
00111110
01001000
01001111
01010011
01010010
01010000
01010010
01010111
01011111
01100110
01101101
01110100
01111100
10000101
10001111
10011000
10100010
10101100
10110110
10111111
11000101
11000110
11000100
11000010
11000000
11000001
11000011
11000101
11000101
11000011
10111110
10110111
10110010
10101111
10110001
10111000
11000011
11010000
11011101
11100111
11101101
11110001
11110100
11110111
11111010
11111101
11111111
11111101
11111000
11101110
11100010
11010100
11001001
11000101
11001001
11010100
11011111
11100111
11100111
11100010
11011001
11001111
11001000
11000101
11000101
11000100
11000001
10111001
10101100
10011100
10001011
01111101
01110110
01110111
01111110
10001001
10010100
10011101
10100011
10100101
10100101
10100100
10100000
10011100
10011001
10011000
10011001
10011100
10011111
10100001
10100100
10100110
10101000
10101001
10101000
10100101
10100000
10011011
10011000
10011000
10011011
10011110
10011111
10011100
10010011
10000110
01110101
01100001
01001101
00111001
00100110
00010101
00001001
00000010
00000000
