11111001
11111000
11110110
11110011
11101101
11100110
11011101
11010100
11001010
11000010
10111100
10110111
10110100
10110010
10101111
10101100
10101000
10100100
10100001
10011101
10011010
10010100
10001100
10000001
01110110
01101011
01100001
01011010
01010101
01010011
01010010
01010000
01001110
01001010
01000011
00111100
00110010
00101001
00100010
00011101
00011011
00011100
00011110
00100001
00100010
00100001
00011110
00011010
00010101
00010000
00001101
00001100
00001011
00001011
00001010
00000111
00000011
00000000
00000000
00000011
00001010
00010011
00011101
00100111
00101110
00110010
00110010
00101110
00100111
00011111
00010111
00010010
00001111
00001111
00010001
00010100
00011010
00100000
00100111
00101110
00110100
00111001
00111101
01000000
01000010
01000100
01000110
01000111
01000111
01000111
01000111
01000111
01000111
01000111
01000110
01000101
01000011
01000000
00111101
00111001
00110101
00110000
00101011
00100110
00100011
00100000
00100000
00100011
00101001
00110010
00111011
01000101
01001110
01010011
01010101
01010100
01010010
01001110
01001100
01001011
01001011
01001101
01010000
01010100
01011001
01011111
01100110
01110000
01111100
10001010
10011000
10100110
10110011
10111111
11001010
11010101
11100000
11101010
11110100
11111011
11111111
