11111100
11111011
11111000
11110001
11101001
11100001
11011001
11010100
11010001
11001110
11001011
11000100
10111011
10110000
10100111
10011111
10011010
10010111
10010101
10010010
10001100
10000011
01111000
01101101
01100100
01011001
01001101
00111110
00101111
00100010
00010101
00001011
00000100
00000000
00000001
00000101
00001010
00001111
00010011
00010101
00010111
00010111
00010111
00011000
00011000
00010101
00010001
00001100
00001011
00001101
00010010
00011001
00100001
00101100
00111001
01000110
01010001
01011001
01011111
01100100
01101001
01101111
01111000
10000100
10010011
10100011
10110010
10111111
11001010
11010101
11011111
11101001
11110010
11111001
11111111
