10000010
01111111
01111101
01111100
01111100
01111101
01111110
10000000
10000010
10000110
10001000
10001001
10001001
10001100
10010011
10011111
10101101
10111011
11001100
11011101
11101101
11111010
11111111
11111010
11101011
11010101
10111100
10100101
10010110
10010001
10010101
10011110
10100101
10101000
10100101
10100000
10010111
10001100
01111110
01101111
01100010
01011001
01010010
01001000
00111011
00101001
00010111
00000111
00000000
00000011
00010000
00100011
00110111
01000101
01001010
01000100
00111001
00101100
00100001
00011010
00011010
00100100
00110110
01001011
01011110
01101110
01111011
10000101
10001101
10010000
