00110101
00101101
00100111
00100010
00011110
00011100
00011010
00011000
00011000
00011001
00011010
00011101
00100010
00101000
00101111
00110101
00111010
00111100
00111011
00111000
00110100
00101111
00101101
00101100
00101111
00110011
00111000
00111100
00111111
00111111
00111101
00111001
00110101
00110001
00101110
00101100
00101011
00101010
00101001
00101001
00101000
00100111
00100101
00100011
00100000
00011100
00011000
00010010
00001100
00000110
00000010
00000000
00000001
00000100
00001001
00001110
00010011
00010110
00010111
00010111
00010101
00010010
00001111
00001100
00001010
00001001
00001010
00001101
00010000
00010101
00011010
00011111
00100011
00100111
00101011
00101101
00110000
00110011
00110110
00111001
00111101
01000001
01000100
01000110
01000110
01000100
01000001
00111100
00111000
00110101
00110011
00110100
00110110
00111010
00111111
01000100
01001001
01001110
01010001
01010100
01010111
01011010
01011110
01100100
01101100
01110011
01111011
10000000
10000100
10000101
10000100
10000010
10000000
01111111
01111111
10000000
10000010
10000110
10001011
10010001
10011001
10100001
10101001
10110001
10111001
10111111
11000011
11000101
11000101
11000011
11000000
10111101
10111010
10111001
10111001
10111011
10111101
10111111
11000001
11000010
11000010
11000010
11000001
11000001
11000000
11000000
11000001
11000011
11000110
11001001
11001101
11001111
11010001
11010001
11010000
11001110
11001001
11000011
10111100
10110101
10101110
10101001
10100110
10100101
10100110
10100111
10101001
10101010
10101011
10101100
10101101
10101111
10110010
10110111
10111101
11000101
11001100
11010100
11011001
11011100
11011101
11011101
11011101
11011111
11100010
11100111
11101110
11110100
11111010
11111101
11111111
11111111
11111101
11111010
11110111
11110100
11110001
11101110
11101011
11101000
11100100
11100000
11011100
11011001
11010101
11010001
11001101
11001010
11000110
11000011
11000000
10111101
10111011
10111011
10111100
11000000
11000101
11001011
11010001
11010110
11011001
11011010
11011010
11010111
11010100
11001111
11001011
11000111
11000011
11000001
10111111
10111111
10111111
10111111
11000000
11000001
11000010
11000001
10111110
10111010
10110100
10101110
10101000
10100101
10100100
10100100
10100110
10101000
10101000
10100110
10100010
10011101
10010111
10010001
10001011
10000111
10000100
10000011
10000011
10000011
10000101
10000111
10001010
10001101
10010010
10011000
10011111
10100101
10101010
10101101
10101100
10100111
10011111
10010101
10001001
01111110
01110011
01101011
01100101
01100001
01011101
01011010
01010111
01010110
01010110
01011001
01011101
01100011
01101010
01110001
01110110
01111001
01111010
01111001
01111000
01110110
01110101
01110101
01110100
01110100
01110011
01110001
01101111
01101101
01101100
01101101
01101110
01110000
01110010
01110101
01110111
01111000
01111001
01111000
01110111
01110100
01110010
01101111
01101101
01101011
01101001
01100111
01100101
01100011
01100010
01100010
01100100
01101000
01101100
01110001
01110101
01111001
01111011
01111101
01111110
10000000
10000100
10001000
10001101
10010010
10010101
10010111
10010110
10010011
10010000
10001100
10001010
10001000
10001000
10001000
10001000
10001000
10000111
10000110
10000101
10000101
10000100
10000100
10000011
10000010
01111111
01111100
01111001
01110110
01110011
01110001
01101111
01101101
01101011
01101001
01100111
01100110
01100100
01100011
01100001
01011111
01011110
01011110
01011111
01100010
01100101
01101000
01101011
01101100
01101100
01101010
01100111
01100011
01100001
01011111
01100000
01100001
01100101
01101001
01101101
01110010
01110111
01111101
10000011
10001010
10010000
10010100
10010110
10010110
10010100
10010010
10001111
10001110
10001100
10001010
10000111
10000011
01111110
01111010
01110110
01110010
01110000
01101110
01101101
01101100
01101010
01100111
01100100
01100001
01011111
01011110
01011101
01011110
01011111
01100000
01011111
01011100
01011000
01010010
01001011
01000100
00111101
00111000
00110011
00110001
00110001
00110001
00110010
00110100
00110101
00110101
00110101
00110100
00110100
00110100
00110100
00110011
00110010
00110000
00101100
00101000
00100100
00100001
00100001
00100011
00100111
00101101
00110100
00111010
01000000
01000110
01001011
01010001
01011000
01100000
01101000
01110001
01111001
10000000
10000110
10001010
10001101
10001110
10001111
10010001
10010100
10011000
10011100
10100000
10100100
10100111
10101010
10101100
10101101
10101110
10101110
10101101
10101100
10101010
10101000
10100101
10100011
10100010
10100001
10100010
10100101
10101001
10101110
10110010
10110110
10111001
10111011
10111100
10111110
11000001
11000011
11000110
11001000
11001001
11001000
11000110
11000100
11000010
11000000
10111110
10111100
10110111
10110001
10101001
10011111
10010100
10001001
01111111
01111001
01110101
01110100
01110101
01111000
01111011
01111101
01111100
01111001
01110100
01101101
01100100
01011100
01010100
01001110
01001001
01000101
01000010
01000000
00111111
00111101
00111011
00111001
00111000
00110111
00111000
00111001
00111011
00111101
00111111
01000001
01000100
01000111
01001011
01010000
01010101
01011001
01011011
01011011
01011001
01010101
01010000
01001011
01000110
01000010
00111110
00111011
00111001
00111000
00111000
00111010
00111111
01000100
01001011
01010001
01010111
01011011
01011101
01011101
01011100
01011011
01011010
01011010
01011011
01011101
01011110
01011111
01100000
01100000
01100001
01100010
01100100
01100110
01101001
01101010
01101011
01101011
01101001
01100111
01100100
01100001
01011111
01011110
01011101
01011101
01011101
01011101
01011011
01010111
01010001
01001001
01000000
00111000
00110010
00101111
00101110
00101111
00110010
00110110
00111001
00111101
00111111
01000001
01000011
01000101
01000110
01001000
01001011
01001110
01010010
01010111
01011101
01100011
01101010
01110010
01111001
01111111
10000100
10001001
10001100
10001110
10010000
10010010
10010100
10010101
10010101
10010011
10001111
10001010
10000101
10000001
01111110
01111101
01111111
10000010
10000111
10001101
10010100
10011011
10100001
10100111
10101101
10110011
10111001
11000000
11000110
11001100
11010000
11010100
11010110
11011000
11011010
11011110
11100011
11101010
11110001
11110111
11111011
11111011
11111000
11110011
11101100
11100101
11100000
11011111
11100001
11100110
11101101
11110011
11111001
11111100
11111100
11111011
11111000
11110101
11110010
11101110
11101010
11100110
11100001
11011011
11010110
11010001
11001110
11001100
11001011
11001011
11001100
11001110
11001111
11010001
11010010
11010010
11010001
11010000
11001110
11001101
11001100
11001011
11001010
11001001
11000111
11000101
11000010
10111111
10111100
10111000
10110010
10101011
10100011
10011011
10010011
10001110
10001100
10001101
10010000
10010111
10011110
10100101
10101011
10101110
10101110
10101100
10101001
10100101
10100001
10011101
10011011
10011001
10010110
10010011
10001111
10001010
10000100
01111101
01110111
01110010
01101101
01101001
01100101
01100001
01011101
01011010
01010110
01010100
01010011
01010100
01010111
01011010
01011110
01100000
01100001
01011111
01011011
01010111
01010010
01001110
01001011
01001011
01001100
01001110
01010001
01010100
01010110
01011001
01011011
01011101
01011111
01011111
01011111
01011101
01011010
01010111
01010011
01010000
01001111
01010000
01010010
01010110
01011001
01011100
01011101
01011101
01011101
01011100
01011100
01011100
01011110
01100000
01100001
01100010
01100010
01100010
01100001
01100001
01100001
01100010
01100101
01101001
01101110
01110011
01111001
01111110
10000011
10000111
10001100
10010000
10010101
10011010
10011111
10100010
10100011
10100011
10100000
10011100
10010111
10010010
10001101
10000111
10000010
01111101
01111000
01110100
01101111
01101100
01101001
01101000
01101001
01101100
01110000
01110011
01110101
01110101
01110011
01101111
01101010
01100101
01100010
01011111
01011110
01011100
01011011
01011010
01010111
01010101
01010011
01010010
01010011
01010110
01011001
01011100
01011111
01100001
01100010
01100101
01101000
01101101
01110100
01111011
10000011
10001011
10010000
10010011
10010100
10010010
10010000
10001101
10001011
10001010
10001011
10001100
10001101
10001110
10001110
10001110
10001100
10001010
10001001
10000111
10000110
10000110
10000111
10000111
10000111
10000101
10000010
01111111
01111011
01111000
01110101
01110010
01101111
01101011
01100111
01100011
01100000
01011111
01100001
01100101
01101101
01110101
01111110
10000111
10001101
10010011
10010111
10011010
10011101
10100001
10100101
10101001
10101100
10101111
10110010
10110011
10110100
10110110
10111000
10111011
10111110
11000000
11000001
11000000
10111110
10111010
10110110
10110010
10101110
10101011
10101001
10101000
10100111
10100101
10100011
10100001
10011111
10011110
10011111
10100000
10100100
10101000
10101100
10101111
10110001
10110011
10110100
10110101
10110111
10111100
11000001
11000111
11001101
11010000
11010001
11001111
11001010
11000100
10111100
10110100
10101101
10100111
10100010
10011110
10011011
10011001
10010111
10010101
10010101
10010101
10010101
10010101
10010100
10010001
10001100
10000101
01111101
01110101
01101110
01101010
01100111
01100110
01101000
01101010
01101101
01101111
01110001
01110010
01110010
01110001
01110001
01110000
01110001
01110001
01110010
01110010
01110100
01110110
01111000
01111100
10000001
10000101
10001000
10001010
10001001
10000110
10000001
01111101
01111010
01111001
01111011
01111111
10000101
10001011
10010000
10010100
10010100
10010100
10010010
10010000
10010000
10010001
10010010
10010010
10010001
10001101
10000110
01111101
01110011
01101001
01100000
01011000
01010010
01001100
01000101
00111110
00110110
