11110110
11110000
11100110
11011011
11001110
11000001
10110101
10101001
10011110
10010110
10010000
10001011
10001001
10001001
10001011
10001111
10010011
10010111
10011000
10010111
10010011
10001110
10001000
10000011
01111110
01111011
01111010
01111001
01111010
01111001
01110111
01110100
01110001
01101110
01101011
01101001
01101000
01101001
01101010
01101101
01110001
01110100
01110111
01111010
01111100
01111101
01111101
01111101
01111101
01111101
01111111
10000010
10000101
10000111
10001001
10001001
10001001
10001001
10001000
10000111
10000110
10000101
10000111
10001010
10001110
10010100
10011011
10100011
10101010
10110010
10111000
10111101
10111111
11000000
10111111
10111101
10111010
10110111
10110100
10110001
10101111
10101101
10101011
10101001
10100110
10100100
10100001
10011111
10011100
10011000
10010011
10001111
10001010
10000110
10000010
01111110
01111001
01110100
01110000
01101100
01101001
01100101
01100000
01011100
01011001
01010111
01010111
01011000
01011010
01011011
01011101
01011110
01011111
01011111
01011111
01100000
01100001
01100100
01100110
01100111
01100111
01100110
01100100
01100001
01011100
01010101
01001110
01000111
01000010
00111111
00111101
00111110
01000000
01000100
01001001
01001111
01010101
01011001
01011100
01011111
01100001
01100010
01100010
01100000
01011011
01010101
01001100
01000011
00111010
00110000
00101000
00100001
00011100
00011001
00010110
00010100
00010010
00010010
00010010
00010101
00011010
00100001
00101001
00110010
00111100
01000100
01001010
01001101
01001100
01001001
01000110
01000010
01000000
00111111
00111111
01000000
01000001
01000100
01000101
01000101
01000101
01000100
01000101
01000111
01001001
01001011
01001100
01001011
01001010
01001001
01000111
01000101
01000010
01000000
00111110
00111100
00111011
00111001
00110111
00110101
00110011
00110010
00110001
00101111
00101110
00101100
00101011
00101001
00101001
00101001
00101011
00101101
00110010
00111000
01000000
01001010
01010100
01011110
01101000
01110000
01110110
01111001
01111001
01110111
01110100
01110001
01110000
01110001
01110011
01110110
01111001
01111011
01111101
01111110
01111101
01111100
01111001
01110110
01110100
01110010
01110001
01110001
01110001
01110000
01110000
01101101
01101010
01100110
01100010
01011111
01011110
01100000
01100011
01100111
01101100
01110000
01110100
01110111
01110111
01110101
01110001
01101011
01100100
01011101
01010101
01001110
01001010
01001001
01001010
01001110
01010001
01010100
01010111
01011000
01011001
01011001
01011001
01011001
01011010
01011011
01011110
01100001
01100111
01101101
01110100
01111100
10000011
10001000
10001001
10000111
10000011
01111100
01110110
01110000
01101011
01101000
01100111
01100111
01101001
01101011
01101100
01101011
01101010
01100111
01100110
01100101
01100110
01101010
01101111
01110110
01111101
10000100
10001001
10001100
10001101
10001101
10001110
10001111
10010001
10010100
10011000
10011011
10100000
10100100
10101000
10101010
10101100
10101101
10101110
10101101
10101010
10100111
10100100
10100010
10100011
10100101
10101001
10101101
10110001
10110011
10110100
10110001
10101011
10100001
10010101
10000111
01111001
01101100
01100001
01011000
01010011
01010001
01010001
01010011
01010110
01011000
01011010
01011101
01100001
01100101
01101011
01110010
01111011
10000101
10001111
10011000
10100000
10100101
10101000
10101001
10100111
10100100
10011111
10011001
10010011
10001101
10001000
10000011
01111111
01111011
01111000
01110110
01110100
01110001
01101011
01100011
01011001
01001110
01000010
00110111
00101101
00100101
00011111
00011011
00011010
00011001
00011000
00010101
00010000
00001011
00000101
00000010
00000000
00000010
00000111
00010001
00011101
00101010
00110110
01000001
01001100
01010101
01011110
01100101
01101011
01110000
01110100
01111000
01111100
10000001
10000110
10001100
10010010
10011001
10100000
10101000
10101110
10110011
10110111
10111001
10111010
10111001
10111000
10110101
10110010
10101111
10101011
10100110
10100000
10011000
10001111
10000101
01111011
01110001
01101000
01100001
01011101
01011011
01011100
01011110
01100000
01100001
01011111
01011100
01011000
01010011
01001110
01001011
01001001
01001001
01001011
01010000
01010100
01011001
01011100
01011101
01011110
01011110
01011101
01011101
01011101
01011111
01100001
01100010
01100011
01100100
01100100
01100100
01100110
01101000
01101011
01101110
01110001
01110100
01111000
01111011
01111101
01111110
01111101
01111010
01110110
01110001
01101011
01100101
01100000
01011101
01011011
01011100
01011111
01100011
01100111
01101100
01110010
01110111
01111011
01111101
01111101
01111011
01111000
01110101
01110011
01110011
01110101
01111011
10000100
10010000
10011110
10101100
10111010
11000111
11010011
11011101
11100100
11101010
11101110
11110010
11110111
11111011
11111111
