11111101
11111011
11110111
11110001
11101001
11100011
11011110
11011011
11011001
11011000
11010101
11010011
11010000
11001111
11010000
11010011
11010111
11011100
11100001
11100011
11100010
11011101
11011000
11010010
11001101
11000111
11000000
10111001
10110000
10101000
10100001
10011010
10010101
10010000
10001100
10001001
10000110
10000011
01111111
01111001
01110010
01101011
01100101
01011111
01011011
01011001
01011000
01011010
01011100
01100000
01100011
01100101
01100110
01100111
01100111
01100111
01100110
01100011
01100001
01011110
01011101
01011100
01011101
01011111
01100001
01100010
01100000
01011100
01010101
01001111
01001010
01000111
01000110
01000100
01000000
00111010
00110010
00101001
00100000
00011000
00010001
00001100
00001001
00000111
00000101
00000011
00000001
00000000
00000001
00000100
00001000
00001100
00010000
00010011
00010110
00011001
00011100
00011101
00011110
00100000
00100100
00101001
00101111
00110101
00111100
01000001
01000111
01001011
01001110
01001111
01001111
01001110
01001010
01000110
01000010
00111111
00111111
01000100
01001011
01010110
01100001
01101101
01110111
01111111
10000100
10001000
10001010
10001101
10010001
10010101
10011001
10011101
10011111
10011111
10011101
10011100
10011011
10011011
10011100
10011101
10100000
10100011
10100110
10101010
10101100
10101100
10101011
10101001
10100111
10100101
10100010
10100000
10011110
10011100
10011011
10011011
10011101
10011111
10100010
10100100
10100110
10100110
10100110
10100100
10100001
10011100
10010111
10010011
10001110
10001001
10000100
01111110
01111000
01110011
01110000
01101110
01101101
01101100
01101001
01100100
01011101
01010100
01001011
01000011
00111101
00111000
00110100
00110001
00101100
00101000
00100100
00100001
00100001
00100001
00100001
00100010
00100010
00100010
00100001
00100000
00011111
00100000
00100011
00100111
00101101
00110100
00111010
01000000
01000110
01001011
01010000
01010100
01010111
01011011
01011111
01100011
01100110
01101000
01101010
01101101
01110011
01111010
10000100
10001111
10011010
10100101
10101111
10110111
10111101
11000011
11001000
11001101
11010001
11010011
11010001
11001100
11000101
10111110
10111011
10111011
10111110
11000011
11001001
11001110
11010010
11010011
11010100
11010100
11010100
11010110
11011010
11011101
11100000
11100010
11100011
11100011
11100100
11100101
11101000
11101100
11110010
11111000
11111100
11111111
