11110001
11110000
11101100
11100110
11011100
11001111
10111111
10110000
10100010
10011000
10010010
10010000
10010000
10010001
10010001
10001110
10001010
10000011
01111100
01110101
01101101
01100110
01011111
01011000
01010000
01001001
01000010
00111011
00110110
00110001
00101110
00101011
00101010
00101001
00101000
00100101
00100010
00011111
00011110
00011111
00100011
00100111
00101100
00110000
00110001
00101111
00101011
00100100
00011101
00010110
00010000
00001011
00000111
00000100
00000001
00000000
00000000
00000001
00000100
00000110
00001001
00001100
00001111
00010100
00011010
00100000
00100110
00101011
00110000
00110010
00110001
00101110
00101001
00100100
00011111
00011010
00010110
00010010
00001101
00001000
00000100
00000011
00000101
00001010
00010000
00011000
00100000
00100110
00101001
00101000
00100100
00011110
00010111
00010010
00001110
00001100
00001100
00001100
00001111
00010011
00011001
00011111
00100110
00101100
00110010
00110111
00111110
01000110
01010000
01011100
01101010
01111001
10001010
10011011
10101011
10111010
11000101
11001110
11010100
11011001
11011100
11011111
11100001
11100010
11100010
11100010
11100011
11100101
11101001
11101111
11110110
11111100
11111111
