00001100
00001111
00010111
00011101
00100000
00100010
00100010
00011111
00011010
00011000
00011011
00100101
00101111
00110010
00101010
00011010
00001011
00000100
00001100
00100000
00111011
01010101
01100101
01101001
01100000
01001100
00110011
00011001
00000101
00000000
00001110
00101010
01001010
01100110
01111000
10000011
10001010
10010011
10100001
10110100
11001011
11100000
11110000
11111010
11111111
11111110
11110110
11100111
11010011
10111101
10101001
10011011
10011000
10011101
10101011
10111111
11010010
11011010
11010101
11000010
10100101
10000101
01100110
01001010
00110100
00101001
