01101100
01110101
10000000
10001011
10010101
10011101
10100100
10100111
10101010
10101010
10101010
10101000
10100101
10100001
10011101
10011001
10010111
10010110
10010110
10011001
10011100
10011110
10011111
10011101
10011000
10001111
10000101
01111010
01110001
01101011
01101000
01100111
01101001
01101101
01110010
01111000
01111111
10000111
10001110
10010110
10011101
10100011
10100111
10101011
10101110
10110000
10110011
10110110
10111010
10111111
11000100
11001001
11001110
11010010
11010110
11011010
11011101
11011110
11011110
11011100
11011000
11010101
11010011
11010010
11010010
11010100
11010110
11011000
11011001
11011001
11011001
11011001
11011000
11011000
11011001
11011010
11011100
11011110
11011111
11100000
11011111
11011110
11011011
11010111
11010100
11010001
11001110
11001011
11001001
11001000
11001000
11001000
11001000
11001001
11001010
11001011
11001011
11001011
11001001
11000101
10111111
10111000
10110010
10101011
10100110
10100001
10011111
10100000
10100010
10100111
10101110
10110100
10111011
11000000
11000100
11000110
11000111
11000111
11000110
11000100
11000001
10111110
10111100
10111010
10111010
10111100
11000001
11000111
11001110
11010101
11011100
11100011
11101000
11101110
11110010
11110110
11111001
11111010
11111001
11110110
11110000
11101011
11100110
11100010
11100001
11100001
11100011
11100100
11100100
11100100
11100010
11100000
11011110
11011110
11011111
11100010
11100110
11101001
11101100
11101101
11101100
11101011
11101000
11100100
11100001
11011100
11010111
11010000
11001010
11000011
10111101
10111001
10110111
10110110
10111000
10111011
10111111
11000011
11000101
11000111
11001001
11001001
11001010
11001010
11001011
11001011
11001100
11001100
11001010
11001000
11000101
11000001
10111101
10111001
10110110
10110101
10110100
10110101
10110111
10111010
10111110
11000010
11000111
11001010
11001100
11001100
11001011
11001010
11001001
11001010
11001011
11001100
11001101
11001101
11001101
11001100
11001011
11001011
11001011
11001101
11010000
11010010
11010100
11010101
11010101
11010011
11010001
11001111
11001111
11010000
11010001
11010011
11010100
11010100
11010011
11010000
11001100
11001000
11000010
10111101
10110111
10110001
10101010
10100001
10010110
10001010
01111110
01110100
01101011
01100101
01100010
01100000
01100001
01100001
01100001
01100001
01011111
01011101
01011011
01011010
01011001
01011000
01010110
01010011
01001111
01001010
01000101
01000001
00111110
00111111
01000010
01001000
01001111
01010111
01011110
01100100
01101001
01101011
01101100
01101011
01101000
01100101
01100010
01011111
01011100
01011001
01010110
01010010
01001110
01001010
01000110
01000011
01000000
00111111
00111111
01000001
01000101
01001011
01010001
01011000
01011101
01100010
01100110
01101010
01101111
01110011
01111000
01111101
10000010
10000110
10001000
10001010
10001011
10001101
10010000
10010011
10010110
10011001
10011010
10011001
10010101
10001111
10000111
01111111
01110111
01110001
01101011
01100110
01100001
01011011
01010101
01001110
01001000
01000010
00111110
00111100
00111011
00111100
00111101
00111110
00111111
01000001
01000100
01001000
01001101
01010100
01011100
01100100
01101011
01110010
01111000
01111101
10000001
10000101
10001010
10010001
10011001
10100001
10101001
10110000
10110101
10110111
10110110
10110011
10101100
10100100
10011001
10001101
10000001
01110101
01101011
01100010
01011011
01010101
01010001
01001111
01001111
01010000
01010100
01011000
01011101
01100001
01100011
01100100
01100010
01011111
01011010
01010101
01010001
01001110
01001110
01001111
01010010
01010111
01011110
01100110
01101111
01111001
10000100
10010000
10011011
10100101
10101101
10110100
10111001
10111011
10111100
10111011
10111001
10110100
10101111
10101000
10100010
10011100
10010111
10010011
10010001
10010000
10001111
10001111
10001111
10001111
10001111
10001101
10001011
10000110
10000000
01111010
01110011
01101100
01100110
01100010
01011111
01011111
01011111
01100000
01100000
01100000
01011111
01011110
01011101
01011100
01011101
01011110
01011111
01100001
01100010
01100011
01100011
01100011
01100011
01100010
01100010
01100010
01100001
01011111
01011011
01010111
01010001
01001011
01000101
01000000
00111011
00110110
00110001
00101101
00101000
00100011
00011111
00011100
00011010
00011010
00011100
00011111
00100010
00100100
00100111
00101001
00101011
00101101
00110001
00110110
00111100
01000011
01001010
01010001
01010111
01011100
01100000
01100010
01100011
01100010
01100000
01011011
01010101
01001110
01000110
00111111
00111001
00110100
00110010
00110011
00110101
00111000
00111011
00111111
01000010
01000100
01000101
01000110
01000101
01000010
00111110
00111001
00110100
00110000
00101101
00101110
00110010
00111001
01000001
01001100
01011000
01100101
01110010
10000000
10001111
10011110
10101011
10110111
11000000
11000110
11001010
11001011
11001011
11001001
11000111
11000011
10111111
10111001
10110100
10101110
10101010
10101001
10101010
10101110
10110101
10111110
11000111
11010000
11010111
11011100
11011111
11100000
11100000
11100000
11011111
11011111
11011111
11011111
11011111
11100000
11100000
11100001
11100001
11100001
11100000
11011111
11011101
11011010
11010101
11010000
11001011
11000110
11000010
11000000
11000000
11000001
11000010
11000100
11000100
11000011
11000001
10111110
10111011
10111000
10110110
10110101
10110101
10110101
10110111
10111000
10111001
10111010
10111100
10111111
11000010
11000111
11001100
11010000
11010101
11011001
11011101
11100001
11100110
11101011
11110001
11110111
11111100
11111111
11111111
11111101
11111001
11110100
11101111
11101001
11100011
11011110
11011000
11010011
11001101
11001001
11000110
11000100
11000101
11001000
11001100
11010001
11010101
11011000
11011001
11011010
11011001
11011000
11010110
11010011
11001111
11001001
11000011
10111100
10110110
10110010
10110000
10101111
10101111
10101111
10101110
10101101
10101011
10101001
10101001
10101010
10101101
10110001
10110101
10110110
10110110
10110011
10101101
10100111
10100000
10011010
10010101
10010010
10010000
10001110
10001100
10001010
10000111
10000100
10000011
10000100
10000110
10001010
10010000
10010110
10011101
10100011
10101010
10110000
10110101
10111001
10111101
10111110
10111111
10111110
10111101
10111011
10111001
10111000
10110110
10110100
10110001
10101110
10101011
10101000
10100101
10100010
10100001
10100000
10100001
10100011
10100111
10101100
10110001
10110111
10111100
10111111
11000000
10111110
10111011
10110110
10110000
10101011
10100111
10100100
10100011
10100100
10100110
10101010
10101111
10110101
10111100
11000011
11001001
11001110
11010001
11010011
11010010
11010001
11010000
11001110
11001101
11001100
11001100
11001101
11001110
11001111
11001111
11001110
11001101
11001100
11001010
11001001
11001000
11000111
11000110
11000110
11000111
11001000
11001010
11001011
11001100
11001100
11001001
11000100
10111101
10110100
10101011
10100011
10011100
10010111
10010101
10010011
10010001
10001111
10001011
10000111
10000010
01111101
01110111
01110010
01101101
01101010
01101000
01101000
01101011
01110001
01111001
10000010
10001100
10010101
10011011
10011110
10011110
10011100
10011010
10011000
10011001
10011011
10011111
10100010
10100100
10100101
10100100
10100010
10100000
10011110
10011100
10011011
10011001
10010110
10010001
10001100
10000111
10000001
01111110
01111011
01111010
01111010
01111011
01111011
01111011
01111011
01111101
10000000
10000100
10001001
10001110
10010010
10010101
10010101
10010100
10010001
10001100
10000111
10000010
01111100
01110101
01101110
01100111
01100000
01011010
01010110
01010100
01010100
01010011
01010000
01001100
01000100
00111100
00110010
00101010
00100100
00100000
00011111
00100000
00100011
00100110
00101001
00101110
00110011
00111010
01000010
01001011
01010100
01011100
01100010
01100101
01100110
01100110
01100110
01100110
01101000
01101010
01101100
01101110
01101111
01101110
01101100
01101010
01101000
01100101
01100010
01011111
01011100
01011000
01010101
01010001
01001110
01001010
01000111
01000100
01000001
00111111
00111110
00111101
00111100
00111100
00111101
00111111
01000001
01000011
01000100
01000100
01000001
00111110
00111001
00110100
00110000
00101101
00101100
00101011
00101011
00101100
00101100
00101011
00101011
00101011
00101011
00101010
00101000
00100100
00100000
00011011
00010111
00010011
00010001
00001111
00010000
00010001
00010010
00010100
00010100
00010011
00010001
00001101
00001000
00000011
00000000
