11111111
11110111
11101100
11100000
11010010
11000100
10110110
10101010
10100000
10011000
10010011
10001111
10001101
10001110
10010001
10010101
10010110
10010100
10001111
10000111
01111101
01110011
01101011
01100101
01100001
01100001
01100010
01100011
01100011
01100010
01100000
01011110
01011101
01011101
01011110
01100001
01100110
01101100
01110010
01110111
01111010
01111101
01111110
01111110
01111110
01111110
10000000
10000011
10001001
10001110
10010011
10010101
10010111
10010110
10010101
10010011
10010001
10010000
10001111
10010001
10010101
10011011
10100010
10101010
10110011
10111011
11000001
11000101
11000110
11000101
11000011
10111111
10111011
10110111
10110010
10101110
10101011
10101000
10100101
10100010
10011111
10011100
10011001
10010110
10010010
10001101
10001001
10000101
10000001
01111101
01111000
01110011
01101110
01101010
01100110
01100010
01011101
01011001
01010110
01010110
01010111
01011010
01011101
01100000
01100011
01100100
01100101
01100101
01100100
01100100
01100101
01100101
01100101
01100011
01100000
01011011
01010110
01001111
01000110
00111110
00110111
00110010
00101111
00101110
00101111
00110010
00110110
00111100
01000010
01000111
01001011
01001110
01010000
01010001
01010001
01001110
01001000
01000001
00111001
00110010
00101011
00100101
00100001
00100000
00100001
00100011
00100101
00100111
00101010
00101111
00110110
00111111
01001001
01010101
01100010
01101100
01110100
01110111
01110110
01110001
01101011
01100101
01100000
01011100
01011001
01011000
01011000
01010111
01010110
01010100
01010001
01001111
01001110
01001111
01010000
01010000
01010000
01001110
01001101
01001010
01000111
01000011
01000000
00111101
00111100
00111011
00111010
00111001
00111000
00110111
00110111
00110111
00110110
00110101
00110100
00110011
00110010
00110010
00110011
00110101
00111001
00111110
01000100
01001100
01010100
01011011
01100010
01101000
01101010
01101001
01100100
01011110
01011000
01010100
01010001
01010001
01010001
01010011
01010100
01010101
01010100
01010010
01001111
01001011
01000111
01000101
01000100
01000100
01000100
01000110
01000111
01000111
01000111
01000110
01000101
01000101
01001000
01001101
01010100
01011011
01100010
01101001
01101111
01110001
01110001
01101101
01100110
01011111
01010111
01001111
01001001
01000110
01000111
01001011
01010001
01010110
01011010
01011101
01011111
01100000
01100001
01100001
01100011
01100101
01101001
01110000
01110111
10000000
10001001
10010000
10010110
10011000
10010101
10001111
10000101
01111011
01110010
01101011
01100101
01100010
01100001
01100010
01100011
01100011
01100010
01011111
01011101
01011011
01011011
01011110
01100010
01101001
01110001
01111000
01111110
10000010
10000011
10000011
10000100
10000101
10000110
10000111
10001010
10001101
10010001
10010101
10011000
10011010
10011011
10011011
10011000
10010011
10001101
10000111
10000011
10000001
10000010
10000110
10001001
10001101
10010000
10010001
10001110
10000110
01111011
01101110
01100000
01010010
01000110
00111111
00111011
00111100
01000001
01000111
01001110
01010011
01011000
01011101
01100011
01101010
01110010
01111100
10000111
10010011
10011110
10101000
10110000
10110101
10111000
10111000
10110101
10110001
10101011
10100101
10011111
10011010
10010100
10001111
10001011
10000111
10000011
01111111
01111000
01101110
01100001
01010011
01000100
00110101
00101001
00100000
00011011
00011001
00011010
00011010
00011001
00010101
00001111
00001001
00000011
00000000
00000000
00000101
00001110
00011010
00100111
00110011
00111101
01000110
01001111
01010111
01011110
01100011
01100111
01101010
01101110
01110010
01110110
01111100
10000010
10001000
10010000
10010111
10011101
10100001
10100100
10100110
10100110
10100101
10100011
10100000
10011110
10011100
10011000
10010011
10001100
10000010
01110111
01101100
01100001
01011000
01010001
01001101
01001110
01010001
01010110
01011010
01011100
01011100
01011001
01010110
01010010
01001111
01001110
01010000
01010101
01011100
01100100
01101010
01101110
01110000
01110001
01110001
01110010
01110011
01110110
01111010
01111110
10000010
10000100
10000101
10000110
10000111
10001000
10001001
10001001
10001001
10001001
10001010
10001001
10001000
10000100
01111111
01111001
01110001
01101001
01100010
01011011
01010110
01010011
01010011
01010101
01011000
01011011
01100000
01100101
01101010
01101110
01101111
01101111
01101101
01101011
01101010
01101001
01101100
01110010
01111100
10001001
10010111
10100111
10110110
11000011
11001111
11010111
11011101
11100000
11100011
11100110
11101010
11101101
