00000110
00001000
00001010
00001110
00010011
00011011
00100011
00101110
00111000
01000010
01001011
01010010
01010101
01010111
01010111
01010110
01010100
01010010
01010001
01010001
01010100
01011000
01011111
01101000
01110000
01111000
01111110
10000011
10000111
10001011
10001111
10010011
10011001
10011111
10100110
10101100
10110011
10111001
10111111
11000101
11001010
11001101
11001101
11001010
11000110
11000000
10111001
10110100
10101111
10101011
10100111
10100101
10100010
10100000
10011101
10011010
10010111
10010011
10010000
10001011
10000111
10000100
10000010
10000011
10000111
10001101
10010101
10011110
10100111
10110000
10111000
10111111
11000110
11001101
11010011
11011000
11011100
11011111
11100000
11011111
11011101
11011010
11010110
11010000
11001010
11000011
10111011
10110010
10101000
10011110
10010101
10001101
10000111
10000100
10000101
10001001
10001111
10010111
10100000
10101000
10101110
10110010
10110100
10110011
10101111
10101010
10100100
10011110
10011001
10010101
10010100
10010011
10010100
10010101
10010110
10010101
10010010
10001110
10001000
10000100
10000000
01111110
01111101
01111101
01111110
01111111
10000000
10000001
10000000
01111111
01111110
01111110
01111110
01111111
10000001
10000010
10000100
10000110
10000110
10000111
10000111
10000111
10001001
10001011
10001111
10010010
10010011
10010010
10001111
10001010
10000011
01111011
01110100
01101100
01100110
01100001
01011110
01011101
01011111
01100101
01101101
01110110
01111111
10001000
10001110
10010010
10010100
10010101
10010110
10010111
10011000
10011011
10011101
10100000
10100001
10100010
10100010
10100011
10100011
10100011
10100011
10100001
10100000
10011101
10011011
10011001
10011000
10011001
10011011
10011110
10100010
10100111
10101011
10101111
10110001
10110001
10101111
10101101
10101010
10101000
10101001
10101100
10110001
10111000
11000000
11000111
11001101
11010001
11010100
11010110
11010111
11010110
11010101
11010011
11010000
11001011
11000110
11000000
10111011
10111000
10111000
10111010
10111110
11000011
11001000
11001100
11001111
11010000
11010001
11010001
11010000
11001110
11001011
11001000
11000011
10111111
10111011
10110111
10110100
10110001
10110000
10110000
10110010
10110100
10110111
10111001
10111010
10111010
10111010
10111010
10111100
10111111
11000010
11000110
11001001
11001100
11001110
11010000
11010001
11010010
11010001
11010000
11001110
11001010
11000101
11000000
10111101
10111100
10111110
11000100
11001100
11010101
11011100
11100000
11100000
11011101
11010111
11010000
11000111
11000000
10111010
10110111
10110111
10111010
10111110
11000100
11001010
11010000
11010011
11010011
11010010
11010000
11001110
11001100
11001011
11001100
11010000
11010101
11011011
11100011
11101011
11110011
11111001
11111101
11111111
11111111
11111100
11111001
11110100
11101110
11101000
11100000
11010111
11001110
11000111
11000010
11000001
11000010
11000100
11000111
11001000
11001000
11000101
11000000
10111000
10110000
10101000
10100001
10011011
10011000
10010111
10011001
10011101
10100010
10101000
10101011
10101011
10101000
10100000
10010111
10001110
10000101
01111111
01111101
01111111
10000101
10001111
10011010
10100111
10110010
10111011
11000000
11000001
10111110
10110111
10101111
10100101
10011101
10010111
10010011
10010001
10010001
10010011
10010101
10011000
10011010
10011010
10011001
10010110
10010000
10001001
10000001
01111000
01101111
01100111
01100010
01011110
01011100
01011011
01011100
01011110
01011111
01100000
01011111
01011100
01011000
01010011
01001101
01001000
01000011
00111111
00111101
00111100
00111100
00111100
00111011
00111001
00110101
00110000
00101010
00100101
00100000
00011111
00011111
00100100
00101011
00110101
01000000
01001101
01011001
01100100
01101100
01110010
01110110
01110111
01110110
01110011
01110000
01101100
01101001
01100111
01100101
01100100
01100010
01100001
01100000
01011111
01011111
01011110
01011101
01011100
01011010
01011001
01011001
01011001
01011100
01100000
01100100
01101001
01101101
01101110
01101110
01101101
01101010
01100110
01100011
01011111
01011100
01011001
01010110
01010100
01010011
01010001
01010000
01001101
01001010
01000100
00111101
00110101
00101100
00100011
00011100
00010101
00001110
00001001
00000100
00000000
