00001011
00001101
00001110
00010000
00010000
00010000
00001111
00001110
00001101
00001110
00010000
00010010
00010010
00010001
00001110
00001101
00001101
00001111
00010100
00011100
00100100
00101101
00110101
00111100
01000011
01001001
01001111
01010101
01011011
01100000
01100100
01101001
01101111
01111000
10000011
10001101
10010110
10011101
10100010
10100110
10101000
10101001
10101010
10101011
10101100
10101101
10101110
10110000
10110010
10110101
10111000
10111101
11000100
11001100
11010101
11011100
11100010
11100110
11101000
11101010
11101100
11101111
11110011
11110111
11111011
11111110
11111111
11111110
11111011
11110111
11110100
11110001
11101111
11101101
11101011
11101001
11101000
11100111
11101000
11100111
11100110
11100100
11100000
11011101
11011001
11010111
11010101
11010011
11010000
11001100
11000111
11000000
10111000
10101111
10100111
10011111
10011000
10010001
10001100
10001000
10000101
10000011
10000001
01111110
01111010
01110100
01101101
01100101
01011100
01010100
01001010
01000000
00110110
00101110
00101001
00100111
00100111
00100111
00101000
00101000
00101000
00101000
00101010
00101100
00110000
00110100
00110111
00111001
00111011
00111100
00111110
01000000
01000010
01000110
01001010
01001110
01010010
01010101
01010111
01011000
01010111
01010100
01001110
01000111
00111111
00111010
00110110
00110011
00110001
00110000
00110000
00110001
00110101
00111010
01000000
01000111
01001110
01010110
01011110
01100101
01101010
01101110
01110000
01110001
01110001
01110001
01110001
01110100
01110111
01111100
10000000
10000011
10000100
10000100
10000011
10000011
10000100
10000110
10001011
10010001
10010111
10011101
10100001
10100101
10101010
10110000
10110111
10111101
11000011
11001000
11001011
11001100
11001100
11001010
11000111
11000101
11000010
10111111
10111101
10111100
10111101
10111110
10111111
11000001
11000001
11000001
11000000
10111110
10111010
10110101
10101111
10101011
10100111
10100110
10100101
10100100
10100100
10100100
10100100
10100100
10100100
10100010
10100000
10011101
10011000
10010001
10001001
10000010
01111101
01111010
01111010
01111011
01111011
01111001
01110101
01110001
01101011
01100101
01100000
01011010
01010100
01001100
01000010
00110111
00101100
00100001
00010110
00001101
00000111
00000010
00000000
00000000
