00000000
00000010
00000100
00001000
00001011
00001110
00010010
00010101
00011010
00100000
00100111
00101110
00110100
00111010
00111101
00111111
00111111
00111111
01000001
01000101
01001010
01010000
01010111
01011101
01100010
01100110
01101010
01101101
01110001
01110111
01111110
10000101
10001101
10010101
10011101
10100100
10101010
10101111
10110010
10110100
10110100
10110011
10110011
10110100
10110110
10111011
11000000
11000110
11001100
11010010
11010111
11011011
11011110
11011111
11011110
11011100
11011001
11010101
11010010
11001111
11001110
11001110
11001111
11010010
11010110
11011011
11100000
11100110
11101100
11110010
11110111
11111011
11111110
11111111
11111110
11111100
11111001
11110101
11110010
11101111
11101010
11100101
11011110
11010110
11001110
11000101
10111100
10110010
10101000
10011110
10010011
10001011
10000011
01111110
01111010
01110111
01110111
01111000
01111011
10000000
10000100
10001000
10001010
10001010
10001000
10000101
10000011
10000001
10000000
01111110
01111101
01111011
01111010
01111000
01110110
01110101
01110100
01110100
01110101
01110110
01111000
01111011
01111100
01111101
01111011
01111000
01110100
01110000
01101101
01101011
01101010
01101001
01101001
01101001
01101001
01101000
01100110
01100100
01100010
01100000
01011110
01011100
01011010
01011001
01010111
01010110
01010100
01010001
01001111
01001101
01001011
01001001
01001000
01000111
01000110
01000101
01000101
01000110
01001000
01001011
01001111
01010100
01011001
01011110
01100100
01101000
01101100
01110000
01110100
01111000
01111100
01111111
10000001
10000011
10000010
10000001
10000000
01111111
01111110
01111110
01111110
01111101
01111101
01111011
01111010
01111001
01111001
01111011
01111110
10000001
10000110
10001011
10010000
10010101
10011001
10011011
10011011
10011000
10010100
10001110
10000111
10000001
01111011
01110110
01110011
01110010
01110010
01110011
01110011
01110100
01110100
01110011
01110001
01101110
01101010
01100100
01011111
01011011
01010111
01010100
01010001
01001110
01001010
01000110
01000000
00111011
00110101
00110001
00101110
00101011
00101001
00100101
00100000
00011010
00010101
00010010
00010000
00010000
00010010
00010101
