11111011
11110110
11101111
11100111
11011101
11010100
11001011
11000011
10111101
10110110
10110000
10101001
10100010
10011010
10010100
10001111
10001100
10001011
10001001
10000110
10000001
01111010
01110010
01101000
01011110
01010101
01001110
01001010
01000111
01000110
01000101
01000100
01000011
01000011
01000011
01000011
01000010
01000000
00111111
00111100
00111001
00110101
00110001
00101110
00101100
00101101
00101111
00110000
00101101
00101001
00100011
00011110
00011010
00011000
00010110
00010110
00010110
00011001
00011101
00100010
00100110
00101000
00101000
00100100
00011101
00010011
00001010
00000011
00000000
00000001
00000101
00001010
00001111
00010110
00011111
00101001
00110101
01000000
01000111
01001001
01000100
00111011
00110000
00100101
00011101
00011010
00011100
00100001
00101000
00101110
00110010
00110100
00110100
00110001
00101110
00101101
00101110
00110100
00111100
01000101
01001110
01010110
01011101
01100011
01101011
01110011
01111010
10000000
10000011
10000100
10000100
10000101
10000111
10001100
10010101
10100001
10110000
11000000
11010000
11011111
11101100
11110110
11111101
11111111
