00000011
00000100
00000110
00000111
00001000
00001010
00001111
00010101
00011100
00100001
00100011
00100010
00100001
00100000
00100001
00100100
00101010
00110001
00111001
01000001
01001001
01001111
01010100
01011000
01011011
01011110
01100010
01100111
01101101
01110110
10000000
10001010
10010011
10011011
10100000
10100001
10011111
10011010
10010101
10010011
10010111
10011110
10101000
10101111
10110100
10110110
10111000
10111100
11000100
11010000
11011111
11101110
11111001
11111111
11111111
11111011
11110111
11110100
11110011
11110010
11101111
11101011
11100101
11011111
11011010
11010111
11010110
11011001
11100000
11100111
11101110
11110000
11101111
11101001
11100001
11010110
11001010
10111111
10110101
10101110
10101001
10101000
10101010
10101100
10101111
10110000
10101111
10101101
10101011
10100110
10100000
10010111
10001101
10000001
01110110
01101011
01100010
01011011
01010110
01001111
01000111
01000000
00111010
00110111
00111000
00111011
00111100
00111100
00111000
00110011
00101100
00100101
00011110
00011000
00010001
00001011
00000110
00000011
00000001
00000000
