11111101
11110111
11101010
11011000
11000011
10101110
10011110
10010100
10010000
10010001
10010011
10010001
10000111
01110100
01011010
00111111
00101000
00011000
00010001
00010000
00001111
00001010
00000100
00000000
00000001
00000110
00001111
00011010
00100101
00110001
00111111
01001010
01010000
01010011
01010011
01010001
01001101
01000111
01000010
01000011
01001100
01011101
01110000
10000001
10001001
10001000
10000011
01111101
01111010
01111011
10000000
10000111
10001111
10010111
10100000
10101010
10110101
11000001
11001111
11011111
11101110
11111001
11111111
