00001000
00001011
00010000
00010101
00011011
00011111
00100011
00100111
00101101
00110101
01000000
01001110
01011111
01110000
10000000
10001101
10011000
10100010
10101100
10110110
11000000
11001100
11011001
11100101
11110000
11110111
11111100
11111110
11111111
11111111
11111110
11111011
11110101
11101101
11100011
11011001
11001111
11000110
10111101
10110011
10101001
10011101
10010001
10000100
01111000
01101110
01100110
01011111
01011000
01010001
01001001
00111111
00110100
00101000
00011100
00010001
00001000
00000010
00000000
