00000111
00001101
00010100
00011101
00100111
00110001
00111011
01000110
01010000
01011010
01100011
01101011
01110001
01110101
01111000
01111010
01111010
01111010
01111001
01110110
01110011
01101111
01101011
01101000
01100111
01101000
01101011
01101111
01110101
01111010
01111111
10000100
10001001
10001110
10010100
10011011
10100011
10101010
10110000
10110100
10110110
10110111
10110101
10110010
10101110
10101001
10100011
10011110
10011010
10011000
10010111
10011001
10011101
10100010
10100111
10101011
10101111
10110010
10110100
10110101
10110110
10110101
10110100
10110010
10101111
10101100
10101010
10101001
10101001
10101010
10101100
10101111
10110011
10110111
10111101
11000101
11001110
11010111
11100001
11101001
11110000
11110101
11111000
11111010
11111100
11111101
11111110
11111111
11111110
11111011
11110101
11101110
11100110
11100000
11011100
11011001
11011001
11011000
11011000
11010110
11010101
11010100
11010100
11010110
11011010
11011101
11100000
11100000
11011101
11010111
11001110
11000100
10111001
10101101
10100010
10010111
10001110
10000101
01111111
01111011
01111000
01110111
01110111
01111000
01111000
01110111
01110101
01110011
01101111
01101100
01101001
01100101
01100001
01011101
01011001
01010110
01010101
01010110
01011000
01011100
01100000
01100101
01101001
01101111
01110101
01111110
10001000
10010011
10011110
10100111
10101101
10110000
10101110
10101011
10100111
10100010
10011111
10011011
10011000
10010101
10010001
10001110
10001011
10001001
10001000
10000111
10000111
10000110
10000110
10000101
10000110
10000111
10001010
10001110
10010011
10010111
10011011
10011101
10011100
10011001
10010101
10001111
10001010
10000110
10000100
10000101
10001001
10001111
10011000
10100010
10101100
10110101
10111011
11000000
11000010
11000001
10111111
10111011
10110110
10110000
10101010
10100011
10011100
10010110
10010000
10001011
10001000
10000110
10000100
10000010
10000000
01111101
01111011
01111010
01111010
01111011
01111101
01111111
10000000
10000000
01111110
01111011
01110110
01110001
01101101
01101001
01100101
01100010
01011111
01011011
01011000
01010110
01010101
01010101
01010110
01011000
01011011
01011100
01011110
01011111
01100000
01100001
01100001
01100000
01011111
01011100
01011001
01010101
01010001
01001101
01001001
01000101
01000010
00111111
00111101
00111100
00111101
00111110
01000000
01000010
01000010
01000010
01000000
00111110
00111101
00111101
00111110
01000001
01000100
01000111
01001001
01001010
01001000
01000101
01000011
01000000
00111110
00111101
00111100
00111010
00111001
00111000
00110111
00110110
00110110
00110110
00110110
00110111
00110110
00110110
00110101
00110011
00110010
00101111
00101100
00100111
00100010
00011011
00010101
00010000
00001100
00001011
00001100
00001101
00001111
00010001
00010011
00010101
00010111
00011001
00011100
00011110
00100000
00100010
00100011
00100100
00100100
00100100
00100100
00100101
00100110
00101000
00101011
00101111
00110101
00111010
01000000
01000101
01001001
01001100
01001101
01001101
01001010
01000110
01000000
00111010
00110100
00101110
00101001
00100100
00011111
00011100
00011001
00011000
00011001
00011011
00011111
00100100
00101010
00110001
00111000
00111111
01000110
01001110
01010100
01011011
01100000
01100011
01100100
01100011
01100001
01011101
01011001
01010101
01010010
01001111
01001101
01001100
01001011
01001010
01001011
01001100
01001101
01001110
01001111
01001110
01001100
01001001
01000100
00111110
00111000
00110001
00101011
00100110
00100011
00100001
00100001
00100010
00100101
00101010
00110000
00110111
00111111
01000111
01001111
01010111
01011100
01011110
01011110
01011011
01010111
01010010
01001100
01000111
01000011
01000000
00111111
00111111
00111111
01000000
01000000
01000001
01000010
01000100
01000111
01001010
01001110
01010001
01010011
01010110
01011000
01011010
01011100
01011110
01011111
01100000
01100000
01011111
01011110
01011101
01011101
01011101
01011101
01011110
01100000
01100001
01100010
01100011
01100100
01100111
01101010
01101110
01110011
01111001
01111110
10000010
10000101
10000110
10000101
10000010
01111110
01111001
01110011
01101101
01100111
01100000
01011010
01010011
01001101
01001000
01000101
01000011
01000100
01000111
01001100
01010010
01011000
01011110
01100011
01101000
01101100
01101111
01110010
01110100
01110110
01110111
01110111
01110110
01110100
01110010
01110001
01110001
01110100
01111010
10000011
10001101
10011001
10100101
10110000
10111010
11000001
11000100
11000101
11000100
11000000
10111011
10110100
10101101
10100100
10011100
10010101
10001111
10001011
10001001
10001000
10001001
10001011
10001101
10001111
10010010
10010101
10011000
10011011
10011111
10100000
10100000
10011101
10011000
10010001
10001011
10000101
10000000
01111110
01111110
01111110
01111111
10000000
10000010
10000100
10000111
10001011
10001111
10010010
10010101
10010101
10010100
10010001
10001110
10001011
10001000
10000110
10000100
10000011
10000100
10000101
10000111
10001010
10001101
10010001
10010110
10011010
10011110
10100001
10100110
10101010
10101111
10110100
10111001
10111110
11000001
11000100
11000110
11001001
11001100
11001111
11010011
11010101
11010111
11010110
11010011
11001110
11001000
11000010
10111100
10110111
10110010
10101101
10100111
10100001
10011100
10011000
10010110
10010110
10010111
10011001
10011010
10011010
10010110
10010001
10001000
01111111
01110100
01101010
01100001
01011011
01010110
01010100
01010011
01010101
01011001
01011110
01100101
01101110
01110111
10000001
10001011
10010011
10011011
10100000
10100011
10100011
10100001
10011101
10011000
10010011
10001110
10001001
10000100
10000001
01111110
01111101
01111101
01111110
10000000
10000011
10000111
10001011
10010000
10010100
10010110
10010111
10010110
10010011
10001111
10001011
10000110
10000000
01111011
01110110
01110001
01101100
01101001
01100111
01100111
01101001
01101011
01101111
01110100
01111000
01111100
01111111
10000001
10000000
01111110
01111001
01110010
01101011
01100011
01011011
01010101
01010001
01001101
01001010
01001000
01000101
01000011
01000000
00111100
00111010
00111000
00110111
00110111
00111001
00111011
00111110
01000001
01000100
01001000
01001011
01001111
01010011
01011001
01011111
01100110
01101100
01110001
01110110
01111001
01111100
10000000
10000100
10001010
10010001
10010111
10011110
10100100
10101001
10101100
10101101
10101101
10101100
10101011
10101001
10101000
10100110
10100010
10011110
10011000
10010000
10001000
01111111
01110111
01101111
01101001
01100101
01100010
01100000
01100000
01100010
01100101
01101000
01101100
01101111
01110011
01110110
01111000
01111011
01111101
01111111
10000000
10000000
01111111
01111101
01111011
01111001
01110111
01110101
01110100
01110100
01110100
01110101
01110110
01111000
01111010
01111100
01111100
01111010
01110101
01101110
01100011
01010111
01001011
00111111
00110100
00101100
00100110
00100010
00100000
00011110
00011110
00100000
00100010
00100111
00101100
00110010
00111000
00111110
01000011
01000111
01001010
01001100
01001100
01001100
01001011
01001001
01000111
01000110
01000110
01000111
01001010
01001110
01010001
01010100
01010101
01010101
01010100
01010100
01010100
01010101
01010110
01011000
01011010
01011011
01011101
01011111
01100001
01100001
01100001
01011111
01011101
01011010
01010110
01010011
01010001
01001111
01001110
01001111
01010001
01010100
01011000
01011101
01100001
01100110
01101001
01101011
01101011
01100111
01100001
01011001
01010000
01000110
00111100
00110010
00101001
00011111
00010111
00010001
00001101
00001100
00001110
00010001
00010110
00011011
00100000
00100100
00100111
00101011
00101110
00110001
00110011
00110100
00110100
00110010
00101111
00101100
00101000
00100101
00100010
00100010
00100010
00100101
00100111
00101010
00101101
00110000
00110010
00110100
00110101
00110110
00110110
00110101
00110100
00110100
00110011
00110010
00110000
00101101
00101001
00100100
00011110
00011010
00010110
00010011
00010010
00010001
00010010
00010011
00010101
00011000
00011100
00100001
00100111
00101100
00110001
00110100
00110100
00110010
00101111
00101011
00100110
00100011
00011110
00011010
00010101
00001111
00001001
00000011
00000000
