00001001
00001000
00001010
00001111
00010111
00011111
00100111
00101101
00110001
00110100
00110110
00111001
00111101
01000011
01001001
01010000
01010111
01011111
01101000
01110001
01111011
10000101
10001110
10010111
10011101
10100001
10100101
10101001
10101101
10110001
10110101
10111000
10111000
10110110
10110010
10101100
10100110
10011111
10011010
10010101
10010011
10010011
10010101
10011010
10100000
10100110
10101100
10101111
10101111
10101110
10101011
10100111
10100100
10100001
10011110
10011010
10010110
10010010
10001111
10001101
10001101
10001110
10010010
10010110
10011100
10100100
10101101
10111000
11000100
11001111
11011010
11100011
11101000
11101010
11101000
11100101
11100000
11011011
11010111
11010101
11010100
11010100
11010101
11011000
11011100
11100010
11101000
11101111
11110101
11111010
11111110
11111111
11111111
11111110
11111011
11111000
11110100
11101110
11100111
11011111
11010111
11010000
11001010
11000101
11000001
10111111
10111101
10111101
10111100
10111011
10111001
10110101
10101111
10101000
10100001
10011010
10010100
10001110
10001000
10000001
01111011
01110100
01101110
01101010
01100111
01100110
01100111
01101011
01110001
01111001
10000011
10001110
10011000
10100001
10100111
10101011
10101101
10101101
10101011
10101001
10100110
10100100
10100001
10011110
10011100
10011001
10010111
10010101
10010100
10010101
10010111
10011011
10100001
10100111
10101101
10110010
10110110
10111001
10111100
10111101
10111101
10111100
10111010
10111001
10111000
10111001
10111100
11000000
11000101
11001011
11010001
11010111
11011110
11100100
11101010
11110000
11110100
11110110
11110111
11110111
11110110
11110100
11110000
11101011
11100011
11011010
11010000
11000101
10111011
10110011
10101110
10101011
10101100
10110000
10110111
11000000
11001011
11010110
11011111
11100111
11101101
11110001
11110010
11101111
11101010
11100010
11011001
11010000
11000111
10111111
10110111
10110000
10101001
10100011
10100000
10011110
10100001
10100110
10101101
10110100
10111011
10111110
10111110
10111010
10110100
10101011
10100001
10010111
10001110
10000110
10000000
01111011
01111001
01111001
01111100
10000000
10000110
10001101
10010100
10011001
10011110
10100001
10100100
10100111
10101011
10101111
10110011
10110111
10111010
10111101
10111110
10111110
10111110
10111100
10111011
10111001
10110111
10110110
10110100
10110011
10110011
10110010
10110000
10101110
10101010
10100110
10100011
10011111
10011100
10011001
10010110
10010001
10001011
10000101
01111110
01111000
01110100
01110000
01101111
01110000
01110100
01111010
10000011
10001110
10011010
10100101
10101111
10110110
10111001
10111000
10110011
10101011
10100010
10011000
10001110
10000100
01111011
01110011
01101101
01101001
01101000
01101011
01101111
01110110
01111100
10000001
10000100
10001000
10001011
10001111
10010011
10010110
10011000
10010111
10010101
10010010
10001111
10001100
10001010
10001010
10001011
10001101
10010001
10010101
10011100
10100101
10101111
10111001
11000010
11001001
11001100
11001101
11001100
11001000
11000100
10111110
10111000
10110001
10101011
10100101
10100000
10011011
10011000
10010100
10010001
10001111
10001110
10001110
10001111
10001111
10001111
10001110
10001011
10000101
01111110
01110110
01101110
01100111
01100011
01100010
01100100
01101000
01101110
01110100
01111011
10000001
10000111
10001100
10001111
10010001
10010010
10010001
10001111
10001100
10001000
10000011
01111111
01111011
01110110
01110011
01101111
01101100
01101010
01100111
01100101
01100100
01100011
01100011
01100101
01101000
01101101
01110001
01110101
01111001
01111100
01111111
10000010
10000110
10001010
10001110
10010000
10010000
10001111
10001101
10001011
10001000
10000110
10000011
10000001
01111110
01111011
01111001
01110111
01110111
01111001
01111011
01111110
10000000
10000000
01111110
01111001
01110011
01101010
01100001
01011000
01001111
01001000
01000011
01000000
00111110
01000000
01000011
01001000
01001101
01010100
01011010
01100000
01100111
01101101
01110011
01111001
01111110
10000001
10000010
10000001
10000000
01111111
01111110
01111110
10000000
10000011
10001000
10001110
10010111
10100010
10101111
10111100
11000111
11001111
11010101
11011001
11011010
11011011
11011010
11011001
11010101
11010000
11001010
11000011
10111100
10110111
10110011
10110010
10110011
10110110
10111011
11000001
11000111
11001101
11010011
11011000
11011011
11011101
11011101
11011100
11011000
11010100
11001111
11001010
11000110
11000100
11000100
11000110
11001001
11001100
11001111
11010011
11010101
11011000
11011001
11011011
11011101
11011110
11011111
11011111
11011101
11011010
11010110
11010011
11001111
11001110
11001101
11001101
11001101
11001100
11001011
11001010
11001010
11001011
11001110
11010100
11011010
11100001
11101000
11101110
11110011
11111000
11111100
11111110
11111101
11111010
11110100
11101100
11100100
11011011
11010010
11001010
11000001
10111010
10110100
10110000
10101110
10101110
10101111
10110000
10110000
10101111
10101011
10100101
10011111
10011001
10010100
10010000
10001101
10001011
10001010
10001010
10001011
10001110
10010001
10010110
10011100
10100010
10101000
10101111
10110100
10111001
10111101
11000000
11000001
11000000
10111101
10111000
10110010
10101011
10100100
10011101
10010110
10010000
10001011
10000101
10000001
01111110
01111101
01111101
01111110
10000000
10000011
10000101
10000111
10001010
10001101
10010000
10010011
10010100
10010100
10010010
10001111
10001100
10001001
10000110
10000100
10000010
10000000
01111110
01111100
01111010
01111000
01110110
01110100
01110011
01110010
01110001
01110001
01110001
01110010
01110010
01110001
01101111
01101100
01101001
01100110
01100011
01100000
01100000
01100001
01100100
01101011
01110010
01111100
10000101
10001111
10011001
10100010
10101011
10110011
10111010
11000000
11000110
11001100
11010001
11010101
11010111
11010111
11010011
11001110
11001000
11000010
10111110
10111101
10111110
11000010
11000101
11001001
11001011
11001100
11001011
11001000
11000010
10111001
10101101
10100000
10010010
10000110
01111011
01110011
01101101
01101001
01100111
01100110
01100110
01100110
01100110
01100111
01100111
01101000
01101001
01101100
01110001
01110110
01111100
10000011
10001001
10001101
10010000
10010001
10010000
10001101
10001001
10000101
10000010
10000000
01111110
01111110
01111110
10000000
10000010
10000110
10001011
10010000
10010100
10010101
10010100
10010001
10001110
10001100
10001010
10001001
10000111
10000101
10000001
01111101
01111010
01111010
01111101
10000100
10001101
10010110
10011111
10100111
10101100
10101110
10101111
10101110
10101011
10100111
10100010
10011101
10011010
10011001
10011011
10011110
10100010
10100111
10101100
10110000
10110100
10110111
10111001
10111100
10111101
10111111
11000001
11000011
11000110
11001010
11010000
11010110
11011100
11100001
11100101
11100111
11100111
11100110
11100101
11100100
11100100
11100101
11100101
11100101
11100101
11100100
11100010
11100010
11100001
11100001
11100000
11011111
11011110
11011101
11011100
11011100
11011011
11011011
11011001
11010111
11010101
11010010
11010000
11001110
11001100
11001100
11001110
11010001
11010101
11011010
11100000
11100011
11100101
11100100
11100001
11011100
11010111
11010011
11001110
11001010
11000110
11000001
10111101
10111001
10110101
10110001
10101110
10101010
10100111
10100011
10100000
10011100
10010111
10010011
10001111
10001011
10000111
10000100
10000000
01111100
01110111
01110010
01101101
01101000
01100101
01100011
01100010
01100001
01100000
01011110
01011011
01011000
01010110
01010011
01001110
01001000
01000000
00110110
00101011
00100001
00010111
00001111
00001000
00000011
00000000
