00001100
00001110
00010000
00010101
00011010
00100010
00101010
00110010
00111010
01000000
01000100
01000100
01000010
00111111
00111100
00111000
00110101
00110100
00110101
00111001
01000000
01001000
01010010
01011100
01100110
01101110
01110110
01111101
10000100
10001010
10010010
10011001
10100000
10100111
10101101
10110011
10111001
10111101
11000000
11000000
10111101
10111000
10110001
10101010
10100100
10011110
10011001
10010100
10010000
10001110
10001011
10001010
10001001
10001000
10000111
10000110
10000100
10000011
10000011
10000101
10001001
10010000
10011000
10100000
10101000
10110000
10110110
10111010
10111111
11000011
11000111
11001010
11001100
11001101
11001101
11001010
11000110
11000001
10111010
10110011
10101011
10100011
10011010
10010001
10001000
10000001
01111100
01111001
01111010
01111111
10000110
10001110
10010111
10011110
10100010
10100100
10100100
10100000
10011010
10010100
10001100
10000101
01111111
01111011
01111000
01110110
01110101
01110100
01110010
01101111
01101100
01100111
01100100
01100010
01100010
01100100
01100111
01101011
01110000
01110101
01111001
01111100
01111111
10000010
10000100
10000110
10001000
10001001
10001010
10001011
10001011
10001011
10001011
10001100
10001110
10010001
10010101
10011000
10011001
10011000
10010011
10001100
10000100
01111010
01110001
01101010
01100100
01100001
01100010
01100111
01101110
01111001
10000100
10001111
10011000
10100000
10100110
10101011
10110000
10110100
10111010
10111111
11000100
11001000
11001011
11001100
11001011
11001010
11000111
11000100
11000000
10111100
10110111
10110010
10101101
10101001
10100111
10100110
10101000
10101010
10101110
10110010
10110110
10111001
10111011
10111011
10111001
10111000
10110111
10110111
10111010
10111110
11000100
11001010
11001111
11010011
11010110
11011000
11011001
11011010
11011000
11010110
11010001
11001011
11000100
10111101
10110110
10110011
10110010
10110100
10111000
10111101
11000011
11001000
11001101
11010001
11010011
11010100
11010100
11010010
11010001
11001111
11001110
11001101
11001101
11001110
11001111
11010001
11010011
11010110
11011000
11011010
11011010
11011010
11011000
11010110
11010101
11010100
11010101
11010110
11010111
11011000
11011010
11011100
11011101
11011111
11100000
11011111
11011101
11011001
11010101
11010010
11010000
11010010
11010111
11011110
11100101
11101010
11101100
11101011
11100111
11100001
11011010
11010010
11001011
11000101
11000010
11000001
11000010
11000110
11001010
11001110
11010000
11010000
11001111
11001100
11001010
11001000
11001000
11001001
11001100
11010010
11011001
11100001
11101001
11110001
11110111
11111100
11111110
11111111
11111110
11111100
11111001
11110100
11101111
11101000
11100010
11011101
11011010
11011000
11011001
11011010
11011011
11011011
11011001
11010101
11010000
11001010
11000100
10111111
10111011
10111001
10111001
10111011
10111110
11000011
11000111
11001000
11000110
11000001
10111010
10110001
10101001
10100011
10100000
10100010
10100111
10101111
10111001
11000100
11001101
11010011
11010110
11010101
11010000
11001001
11000000
10110111
10101110
10101000
10100100
10100001
10100001
10100010
10100100
10100101
10100101
10100010
10011110
10010111
10001111
10000110
01111101
01110100
01101110
01101010
01100111
01100110
01100111
01101000
01101001
01101010
01101001
01100111
01100100
01100000
01011100
01011001
01010111
01010111
01011000
01011010
01011100
01011101
01011101
01011011
01011001
01010101
01010011
01010001
01010010
01010101
01011011
01100010
01101010
01110100
01111101
10000101
10001011
10010000
10010010
10010010
10010001
10001110
10001011
10000111
10000011
01111111
01111011
01110111
01110011
01101111
01101100
01101001
01100111
01100110
01100100
01100011
01100001
01100000
01100000
01100001
01100011
01100101
01101000
01101001
01101001
01101000
01100101
01100010
01011111
01011011
01010111
01010100
01010001
01001111
01001110
01001110
01001111
01001111
01001110
01001010
01000100
00111100
00110011
00101001
00100000
00011000
00010001
00001010
00000100
00000000
