00000001
00000001
00000010
00000011
00000110
00001010
00010000
00011000
00100001
00101101
00111010
01001001
01011001
01101001
01110111
10000100
10001110
10010101
10011000
10010111
10010010
10001100
10000101
01111111
01111011
01111000
01110110
01110110
01110110
01110110
01110101
01110011
01110011
01110100
01110111
01111100
10000011
10001011
10010011
10011000
10011011
10011110
10100000
10100100
10100111
10101100
10110000
10110101
10111000
10111010
10111010
10111001
10110111
10110101
10110011
10110001
10110000
10110000
10110000
10110000
10101111
10101110
10101011
10101000
10100011
10011111
10011101
10011100
10011111
10100101
10101101
10110101
10111100
11000001
11000011
11000010
10111110
10111000
10110001
10101001
10100001
10011010
10010100
10010000
10001101
10001011
10001010
10001000
10000111
10000101
10000100
10000100
10000101
10000111
10001001
10001010
10001011
10001011
10001100
10001101
10001111
10010001
10010010
10010010
10001111
10001011
10000101
01111111
01111010
01110110
01110100
01110011
01110011
01110011
01110010
01110000
01101110
01101011
01101000
01100110
01100100
01100101
01101001
01110000
01111011
10000111
10010101
10100010
10101101
10110101
10111001
10111001
10110110
10110001
10101011
10100101
10100001
10100000
10100001
10100101
10101011
10110001
10111000
10111110
11000010
11000100
11000010
10111101
10110110
10110000
10101100
10101100
10101111
10110110
10111101
11000101
11001001
11001011
11001000
11000011
10111100
10110101
10101111
10101010
10100111
10101001
10101101
10110101
10111110
11000111
11001101
11010000
11010001
11001111
11001100
11001001
11000111
11000111
11001000
11001100
11010001
11010111
11011110
11100100
11101000
11101001
11100111
11100011
11011111
11011010
11010111
11010101
11010101
11010111
11011010
11011111
11100100
11100111
11101000
11100111
11100011
11011110
11011011
11011001
11011010
11011100
11011110
11100000
11100011
11100111
11101011
11110000
11110101
11111001
11111100
11111101
11111110
11111110
11111111
11111111
11111111
11111110
11111100
11111001
11110101
11110000
11101001
11100001
11011000
11010000
11001011
11001000
11001001
11001100
11010000
11010010
11010100
11010011
11010010
11001111
11001101
11001010
11000110
11000011
11000000
11000000
11000010
11000111
11001101
11010100
11011001
11011100
11011101
11011110
11011110
11011111
11100001
11100100
11100110
11101001
11101011
11101110
11110000
11110010
11110100
11110100
11110100
11110001
11101101
11100111
11100000
11011001
11010011
11001111
11001110
11001110
11001111
11001111
11001100
11000110
10111101
10110011
10101010
10100100
10100001
10100010
10100110
10101011
10110011
10111011
11000011
11001010
11010000
11010011
11010011
11010000
11001101
11001001
11000110
11000100
11000011
11000001
10111110
10111011
10111000
10110110
10110100
10110010
10110001
10110001
10110001
10110001
10110010
10110001
10110000
10101101
10101001
10100100
10011100
10010100
10001010
10000000
01110100
01101001
01011111
01010110
01001111
01001001
01000100
00111111
00111001
00110100
00101111
00101011
00101000
00100111
00100110
00100101
00100110
00101001
00101101
00110010
00111000
00111110
01000101
01001011
01010001
01010110
01011010
01011100
01011110
01011111
01100001
01100011
01100101
01100101
01100010
01011110
01010110
01001101
01000011
00111001
00110000
00101010
00100101
00100100
00100111
00101101
00110110
01000010
01001110
01011001
01100100
01101101
01110100
01111000
01111010
01111011
01111001
01110111
01110100
01110000
01101101
01101010
01100111
01100011
01011110
01011001
01010100
01001111
01001010
01000101
00111111
00111001
00110100
00110001
00110001
00110100
00110111
00111010
00111100
00111011
00111001
00110111
00110110
00110110
00110111
00111010
00111101
01000001
01000011
01000011
01000001
00111100
00110100
00101011
00100001
00011000
00001111
00001000
00000011
00000000
