00000010
00000100
00000111
00001010
00001101
00010000
00010100
00011000
00011101
00100010
00101001
00101111
00110101
00111010
00111101
00111111
01000001
01000100
01001001
01010000
01011001
01100001
01101001
01110000
01110110
01111100
10000001
10000111
10001111
10010111
10011111
10100111
10101111
10110110
10111101
11000010
11000110
11000111
11001000
11001000
11001000
11001001
11001011
11001110
11010001
11010101
11011001
11011101
11100001
11100100
11100111
11100111
11100111
11100101
11100010
11100000
11011110
11011101
11011110
11011111
11100001
11100100
11101000
11101100
11110000
11110100
11111000
11111011
11111110
11111111
11111110
11111100
11111001
11110101
11110001
11101100
11100110
11100000
11011000
11010001
11001010
11000011
10111011
10110100
10101011
10100011
10011100
10010110
10010010
10001111
10001101
10001101
10001110
10001111
10010010
10010100
10010101
10010101
10010011
10010001
10001110
10001100
10001010
10001000
10000110
10000100
10000001
01111111
01111100
01111010
01111000
01110111
01111000
01111010
01111101
10000000
10000010
10000010
10000001
01111111
01111101
01111011
01111011
01111011
01111100
01111101
01111110
01111111
01111111
01111111
01111110
01111110
01111101
01111101
01111101
01111101
01111101
01111100
01111100
01111011
01111001
01111000
01110111
01110111
01110111
01110111
01111000
01111010
01111100
01111111
10000010
10000101
10001001
10001101
10010010
10011000
10011101
10100001
10100110
10101011
10101111
10110011
10110110
10111000
10111001
10111000
10110110
10110101
10110100
10110011
10110010
10110001
10110000
10101110
10101101
10101100
10101100
10101101
10101111
10110010
10110101
10111000
10111010
10111011
10111010
10110110
10110001
10101010
10100010
10011010
10010010
10001100
10000111
10000100
10000010
10000001
10000000
01111110
01111101
01111010
01110110
01110000
01101001
01100001
01011010
01010011
01001110
01001001
01000101
01000000
00111011
00110101
00101111
00101000
00100011
00011110
00011010
00010110
00010010
00001101
00000111
00000011
00000000
00000000
