00000000
00000100
00001001
00010000
00010110
00011011
00100000
00100100
00100110
00100111
00101000
00101010
00101100
00110000
00110110
00111110
01000111
01010000
01011001
01100010
01101011
01110110
10000001
10001011
10010100
10011011
10100001
10100110
10101011
10110011
10111100
11000111
11010000
11010111
11011100
11011101
11011011
11011000
11010110
11010110
11010111
11011000
11011010
11011100
11100001
11100110
11101100
11110001
11110101
11110111
11110111
11111000
11111001
11111100
11111101
11111110
11111101
11111100
11111100
11111100
11111100
11111100
11111100
11111010
11111001
11111000
11111010
11111100
11111110
11111111
11111101
11111001
11110010
11101011
11100100
11011111
11011100
11011010
11011000
11010011
11001101
11000110
10111111
10111010
10110101
10110010
10101110
10101010
10100110
10100001
10011100
10010100
10001011
10000001
01111000
01110001
01101101
01101100
01101101
01101110
01110000
01110010
01110101
01111000
01111011
01111110
01111111
10000000
10000001
10000011
10000101
10000111
10001010
10001011
10001011
10001001
10000111
10000100
10000001
01111110
01111100
01111001
01110110
01110010
01101111
01101100
01101010
01101011
01101110
01110010
01111000
01111101
10000001
10000101
10001000
10001011
10001011
10001010
10001000
10000110
10000110
10000111
10001000
10001010
10001100
10001110
10010001
10010100
10011001
10011110
10100010
10100110
10101010
10101111
10110100
10111010
11000000
11000101
11001001
11001010
11001001
11000110
11000011
11000000
10111111
10111111
10111111
11000000
11000000
10111110
10111100
10111010
10111001
10110110
10110011
10101110
10100111
10100000
10011001
10010011
10001111
10001100
10001000
10000101
10000001
01111110
01111010
01110111
01110010
01101101
01100110
01100000
01011001
01010100
01010001
01001111
01001110
01001101
01001011
01001001
01000110
00111111
00110110
00101011
00100000
00010101
00001011
00000100
00000000
