11111110
11111011
11110101
11101100
11100010
11011000
11001111
11000101
10111100
10110010
10101000
10011110
10010100
10001010
10000010
01111011
01110101
01110000
01101010
01100011
01011010
01010001
01001000
01000010
00111100
00110101
00101110
00100101
00011100
00010100
00001101
00001001
00000110
00000101
00000101
00000111
00001010
00001101
00010001
00010100
00010101
00010101
00010010
00001111
00001101
00001011
00001010
00001000
00000101
00000011
00000001
00000000
00000001
00000101
00001010
00010000
00010111
00011111
00100111
00110000
00110111
00111100
00111110
00111101
00111010
00110111
00110101
00110111
00111100
01000100
01001101
01010111
01100001
01101011
01111000
10001000
10011000
10100111
10110010
10111000
10111011
10111100
10111101
10111111
11000011
11001000
11001110
11010100
11011001
11011110
11100001
11100100
11101000
11101100
11110010
11111000
11111101
11111111
11111101
11111000
11110000
11101000
11100010
11100000
11100010
11100110
11101011
11110000
11110100
11110111
11111001
