11111011
11111000
11110011
11101101
11100111
11100000
11011010
11010100
11001110
11001010
11000111
11000110
11000110
11001001
11001100
11010000
11010001
11010000
11001010
11000001
10110100
10100110
10010111
10001001
01111100
01110000
01100101
01011100
01010100
01001110
01001010
01000111
01000110
01000100
01000010
00111110
00111000
00110000
00100111
00011110
00010111
00010001
00001101
00001011
00001011
00001010
00001010
00001001
00001001
00001010
00001011
00001101
00001111
00001111
00001101
00001001
00000100
00000001
00000000
00000001
00000010
00000100
00000101
00001000
00001101
00010011
00011001
00011110
00100001
00100100
00100111
00101100
00110010
00111000
00111110
01000010
01000101
01001001
01010000
01011000
01100011
01101110
01111000
10000010
10001011
10010100
10011101
10100110
10101111
10111000
10111111
11000101
11001001
11001010
11001011
11001100
11001111
11010101
11011100
11100100
11101100
11110100
11111001
11111101
11111111
