00000011
00000101
00001010
00010010
00011100
00100101
00101101
00110100
00111101
01001000
01010110
01100110
01111000
10001011
10011101
10101101
10111011
11000101
11001101
11010010
11011000
11100000
11101000
11110000
11110111
11111100
11111111
11111111
11111011
11110110
11101111
11100101
11011010
11001101
11000001
10110101
10101011
10100000
10010110
10001010
01111100
01101100
01011100
01001101
01000001
00111001
00110100
00110000
00101101
00101000
00100001
00011000
00001111
00000110
00000000
