00000000
00000001
00000111
00001111
00011000
00100001
00101001
00110000
00111000
01000001
01001101
01011100
01101101
01111111
10010001
10100010
10101111
10111000
10111111
11000111
11010000
11011011
11100111
11110010
11111010
11111111
11111111
11111011
11110100
11101101
11100101
11011100
11010011
11001001
10111110
10110010
10100111
10011101
10010100
10001010
01111111
01110010
01100110
01011010
01010001
01001001
01000000
00110110
00101011
00011111
00010100
00001011
00000111
